"it","SSM","logl","sig2","K-prot","K-pat","nk1","nk2","nk3","nk4","nk5","nk1","nk2","nk3","nk4","nk5"
10,1.05561809116939,-54728.2428914837,1.05884297903491,20,19,534,497,433,266,262,4,3,3,2,2
20,1.0003317990498,-51934.440775175,1.00396376841525,20,18,481,387,375,270,214,5,4,3,2,2
30,0.974526295776109,-50577.3479438629,0.971495717046314,20,17,455,345,308,265,243,6,4,3,2,2
40,0.966902641584246,-50169.605489426,0.962692100640905,20,17,425,332,284,260,252,6,4,3,2,2
50,0.962622392391627,-49939.3147001136,0.962336735055606,20,16,399,302,280,267,262,6,4,3,3,2
60,0.960200567446772,-49809.9513440442,0.96270856012278,20,18,388,300,276,276,275,6,4,3,2,2
70,0.958374020353553,-49711.2181359911,0.956771891547826,20,17,393,299,298,274,273,6,4,3,3,2
80,0.957725751761074,-49676.3453854857,0.955712258958705,20,17,384,303,294,282,258,6,4,3,2,2
90,0.955671194636985,-49563.0124420858,0.946774785063524,20,17,386,308,287,284,273,6,4,4,2,2
100,0.95518903596643,-49536.8643922199,0.952446351936149,20,17,377,299,285,285,270,6,4,3,3,2
110,0.955221084179798,-49538.6602843762,0.955450332913809,20,16,396,312,276,272,264,6,4,3,3,2
120,0.954351835459136,-49491.3257230035,0.953080404699154,20,16,385,318,281,275,255,6,4,3,3,2
130,0.955640635538423,-49561.3741922562,0.957484105288036,20,17,409,310,284,277,252,6,4,3,2,2
140,0.954083349180627,-49477.1464105991,0.95661226682402,20,16,414,301,297,285,257,6,4,3,3,2
150,0.953070854497599,-49422.1284424445,0.950392334678083,20,16,413,314,292,281,264,6,4,3,3,2
160,0.952906401406224,-49412.6010898683,0.951022781257207,20,16,424,308,287,287,261,6,4,3,3,2
170,0.952406365562612,-49385.3475209662,0.957041861179039,20,17,410,317,305,282,258,6,4,3,2,2
180,0.951099725816414,-49314.9461752575,0.951930111028273,20,16,422,315,308,284,257,6,4,3,3,2
190,0.952885628995853,-49411.7483815774,0.957450598692381,20,16,414,306,298,295,254,6,4,3,3,2
200,0.951183480825542,-49320.1297892847,0.946259115688025,20,16,410,307,301,284,266,6,4,3,3,2
210,0.951764102253297,-49351.3079601244,0.943634418252229,20,16,396,320,289,283,260,6,4,3,3,2
220,0.951053860751056,-49313.1330140423,0.950398750026554,20,17,426,320,279,275,261,6,4,3,2,2
230,0.951355544576399,-49328.0411394936,0.9553377538319,20,17,423,315,290,273,257,6,4,3,2,2
240,0.951569966383135,-49339.8316758574,0.955037874658965,20,17,422,301,290,280,253,6,4,3,2,2
250,0.950992490149301,-49308.2437403837,0.950157696394594,20,17,397,307,303,296,259,6,4,3,2,2
260,0.951890622058081,-49357.2498015841,0.94346233300379,20,17,424,306,295,289,257,6,4,3,2,2
270,0.950512608868596,-49282.0437125076,0.953804387896572,20,15,416,306,304,285,254,6,4,3,3,3
280,0.951474999672856,-49334.5762061629,0.956047861125141,20,15,404,310,293,287,268,6,4,3,3,3
290,0.951172525315897,-49318.170388655,0.944449243447583,20,15,426,301,287,278,278,6,4,3,3,3
300,0.949752303177486,-49240.5227145223,0.953270848396902,20,15,434,307,283,273,267,6,4,3,3,3
310,0.948761991188466,-49187.007166611,0.95390228995272,20,15,439,320,287,272,264,6,4,3,3,3
320,0.948390092212715,-49166.0929069963,0.956916257127389,20,17,430,330,285,272,262,4,4,3,3,2
330,0.948149034062748,-49152.7824355616,0.949929909483623,20,16,419,332,282,272,262,4,4,3,3,3
340,0.947444985865902,-49114.1921880556,0.947273655903733,20,17,429,335,290,264,260,4,4,3,3,2
350,0.947768026996262,-49132.1657645326,0.948696885700768,20,15,424,311,281,275,260,6,4,3,3,3
360,0.947985531858918,-49144.2384275914,0.947459816831698,20,15,433,323,278,263,257,6,4,3,3,3
370,0.94723119684282,-49103.4114589891,0.949089496574321,20,16,427,315,276,275,254,6,4,3,3,2
380,0.947047702860554,-49092.4258498618,0.948478981251335,20,15,425,325,283,267,245,6,4,3,3,3
390,0.946159340991024,-49043.7486317231,0.937284970363605,20,18,403,324,285,272,242,5,4,3,2,2
400,0.946380323176573,-49055.8180137158,0.945241828987485,20,17,402,334,286,278,247,6,4,3,2,2
410,0.947013917691905,-49092.2075622516,0.94066682748922,20,17,415,334,302,274,238,6,4,3,2,2
420,0.946026576191102,-49036.5152964055,0.949441600254202,20,17,420,329,290,272,252,6,4,3,2,2
430,0.945318408142222,-48997.810230831,0.949701837229109,20,16,424,325,285,269,256,6,4,3,3,2
440,0.945784842484936,-49023.3628349757,0.949133098398473,20,16,413,315,287,273,263,6,4,3,3,2
450,0.945074232199056,-48984.1968725102,0.946119723334797,20,16,392,338,289,282,260,6,4,3,3,2
460,0.94649141664174,-49061.9450264367,0.944906953272094,20,17,395,328,298,286,260,5,4,3,3,2
470,0.945988806268271,-49034.8549829402,0.940053680948222,20,16,401,309,304,279,259,6,4,3,3,2
480,0.945744264481623,-49020.909905113,0.953088205620518,20,17,388,303,296,295,261,6,3,3,3,2
490,0.946362067525738,-49055.0324273997,0.945285911199638,20,16,391,302,292,290,262,6,4,3,3,2
500,0.946763280250376,-49076.8293397423,0.946730941421433,20,16,393,317,291,288,250,6,4,3,3,2
510,0.947033218602976,-49091.6253969339,0.948983853039009,20,15,395,315,290,284,264,6,4,3,3,3
520,0.946310225012059,-49053.1677201636,0.948910190202314,20,16,406,311,295,273,257,6,4,3,3,2
530,0.945045504580684,-48982.6520854341,0.947689860062358,20,16,396,320,287,275,270,6,4,3,3,2
540,0.94621567371816,-49048.40712671,0.944439116100467,20,15,380,328,300,283,264,6,4,3,3,3
550,0.946145364115883,-49042.9431233378,0.948325898595692,20,15,379,310,297,282,268,6,4,3,3,3
560,0.945259263763482,-48994.3335639074,0.943633002313701,20,16,389,317,302,271,255,6,4,3,3,2
570,0.945842700047057,-49026.388383187,0.953560328832548,20,15,391,310,292,290,263,6,4,3,3,3
580,0.946581718756724,-49066.8712226495,0.947225746754419,20,16,408,318,286,284,254,6,4,3,3,2
590,0.946605335880406,-49068.4756954012,0.950750936237806,20,15,387,310,300,297,250,6,4,3,3,3
600,0.945576431815749,-49011.787256409,0.94770373632386,20,15,377,306,299,293,255,6,4,3,3,3
610,0.946263846814674,-49049.4898084727,0.950756238591325,20,16,376,314,302,295,259,6,4,3,3,2
620,0.946261111413871,-49049.5262626077,0.939534569678406,20,16,392,318,296,274,263,6,4,3,3,2
630,0.946343712520082,-49054.2832006365,0.947423113506971,20,15,394,327,296,279,263,6,4,3,3,3
640,0.946366654829396,-49055.0768788109,0.946733301079285,20,16,399,325,300,290,257,6,3,3,3,3
650,0.946108997470483,-49040.9281624349,0.947937211274931,20,16,399,329,304,285,258,6,3,3,3,3
660,0.946158762851029,-49044.3766554493,0.945993283962754,20,16,411,323,296,292,257,6,4,3,3,2
670,0.945724235891865,-49020.6959618746,0.947316138097629,20,17,417,318,288,280,271,6,4,3,2,2
680,0.945762145621123,-49021.9146874426,0.942174767206214,20,16,427,314,295,263,258,6,4,3,3,2
690,0.945674660473516,-49017.0888785989,0.939605957082027,20,16,426,302,285,278,259,6,4,3,3,2
700,0.945730432438994,-49021.1959376648,0.945251077454379,20,15,409,333,282,280,256,6,4,3,3,3
710,0.945867983982807,-49028.9479814451,0.938326073483637,20,15,415,316,286,273,266,6,4,3,3,3
720,0.945724208966669,-49022.596584192,0.941258210124418,20,16,411,313,298,271,266,6,4,3,3,2
730,0.945340079486845,-49000.1367734975,0.945103623206468,20,16,399,309,303,286,267,6,4,3,3,2
740,0.94529052046675,-48996.2099326926,0.946922070201733,20,15,392,308,299,291,263,6,4,3,3,3
750,0.945277299837237,-48995.9931140577,0.939559419188042,20,16,395,313,310,287,263,6,4,3,3,2
760,0.945049298208376,-48982.7897284375,0.939023740396489,20,15,403,313,290,289,267,6,4,3,3,3
770,0.945608271833401,-49013.4652955277,0.946530073151307,20,15,408,322,294,282,267,6,4,3,3,3
780,0.946511451286984,-49064.0600592017,0.944162755686909,20,16,409,332,298,278,273,6,4,3,3,2
790,0.946952803599941,-49088.7778983056,0.944251927631764,20,17,404,315,293,292,281,6,4,3,2,2
800,0.94591778308644,-49030.5751293878,0.946392250338804,20,16,398,322,307,285,270,6,4,3,3,2
810,0.946477455578468,-49061.1614701713,0.948499038492086,20,15,411,327,295,286,258,6,4,3,3,3
820,0.946444742672899,-49059.9741724079,0.944112154320321,20,15,396,334,295,270,267,6,4,3,3,3
830,0.946431120016588,-49058.6321473327,0.951259418451007,20,16,399,319,287,277,270,6,4,3,3,2
840,0.94622362174237,-49047.868191488,0.951688782415535,20,15,384,321,286,285,285,6,4,3,3,3
850,0.94658626358293,-49067.1557876231,0.950882635781879,20,15,395,317,284,280,278,6,4,3,3,3
860,0.946144794180652,-49042.9725035544,0.945184459807063,20,15,396,329,283,279,277,6,4,3,3,3
870,0.945681539108822,-49017.4946764524,0.952755356576871,20,16,404,317,296,275,263,6,4,3,3,2
880,0.945788803566599,-49023.3678538165,0.953938132225687,20,15,395,321,306,269,268,6,4,3,3,3
890,0.946335703815336,-49054.9891985532,0.946500621723057,20,16,396,312,311,269,264,6,4,3,3,2
900,0.946312113377431,-49052.666600659,0.943173063883831,20,16,395,302,295,278,255,6,4,3,3,2
910,0.945280433057745,-48995.4505208714,0.948543718480169,20,16,387,304,297,283,264,6,4,3,3,2
920,0.946482636934952,-49063.4096813597,0.949214675782681,20,17,398,312,282,282,276,6,4,3,2,2
930,0.944876378514445,-48973.971780342,0.947839663345803,20,16,390,314,292,283,270,6,4,3,3,2
940,0.946138333224928,-49043.3235293377,0.952832953438992,20,17,405,318,309,278,252,6,4,3,2,2
950,0.947257933244007,-49103.940122604,0.949060872942075,20,15,417,313,298,285,244,6,4,3,3,3
960,0.946075897733948,-49040.133767931,0.947613048260272,20,17,406,325,304,280,250,6,4,3,2,2
970,0.946450301082749,-49060.0358310595,0.949053545300001,20,17,407,322,293,287,250,6,4,3,2,2
980,0.945936680416291,-49031.5062268918,0.942712665688587,20,16,400,319,283,279,255,6,4,3,3,2
990,0.945815833366382,-49026.6457214462,0.943925003289741,20,16,404,316,295,281,257,6,4,3,3,2
1000,0.946514264499904,-49063.1762226803,0.949224488732766,20,15,394,321,298,271,268,6,4,3,3,3
1010,0.94565492276399,-49016.1460231618,0.944655918668099,20,16,404,324,298,267,256,6,3,3,3,3
1020,0.946043824876441,-49041.9477972342,0.947294003865948,20,15,408,327,287,271,237,6,4,3,3,3
1030,0.946794148454125,-49079.592472056,0.946011651823888,20,15,400,326,287,286,241,6,4,3,3,3
1040,0.946761468372854,-49076.7815788722,0.945043350317382,20,17,406,334,277,274,248,4,4,3,3,2
1050,0.946361788633296,-49054.839082218,0.945332002233133,20,15,410,326,287,283,228,6,4,3,3,3
1060,0.946043193903641,-49037.6108004867,0.943063257707002,20,17,421,313,291,283,220,4,4,3,3,2
1070,0.946353896649277,-49056.8536642757,0.949098298331857,20,16,417,327,300,289,221,4,4,3,3,3
1080,0.945257689181229,-48994.2914059288,0.948508554761274,20,16,409,329,288,287,238,4,4,3,3,3
1090,0.947302692602477,-49106.8638071059,0.947549401389103,20,15,401,338,300,296,233,6,4,3,3,3
1100,0.945479983283705,-49006.8172318508,0.943578999980918,20,16,399,319,301,293,236,6,4,3,3,2
1110,0.946399045582373,-49056.8467239978,0.937020999786133,20,16,416,323,299,283,230,6,4,3,3,2
1120,0.946006363087276,-49035.8025349834,0.945497508670529,20,16,400,327,288,281,252,6,4,3,3,2
1130,0.94632946067216,-49055.0164413178,0.94694140556336,20,16,411,317,295,273,247,6,4,3,3,2
1140,0.946045547130626,-49037.4621932959,0.9516375940695,20,16,384,349,298,282,260,6,4,3,3,2
1150,0.945583970865334,-49012.3051778495,0.948396996912947,20,16,403,324,300,281,240,6,4,3,3,2
1160,0.945805784628333,-49024.2869401891,0.952017095255375,20,16,400,331,298,282,246,6,4,3,3,2
1170,0.94646050739824,-49060.8811514783,0.9447877090202,20,16,391,336,293,289,257,6,4,3,3,2
1180,0.946431361374225,-49060.9585540824,0.934737912070827,20,15,404,339,293,277,255,6,4,3,3,3
1190,0.945301438693685,-48996.6438761087,0.94603609061797,20,17,401,321,302,284,253,4,4,3,3,2
1200,0.946435682929054,-49058.9873992095,0.944710943360334,20,15,414,322,289,289,249,6,4,3,3,3
1210,0.944922375714659,-48976.4959493774,0.945424032655232,20,15,390,313,308,286,245,6,4,3,3,3
1220,0.946551811334024,-49066.1197046153,0.93793335171511,20,16,400,319,313,275,243,6,4,3,3,2
1230,0.946520446695229,-49063.8980799986,0.954045644244779,20,16,394,318,313,285,247,4,4,3,3,3
1240,0.945752108672764,-49021.5174520561,0.948922919920204,20,16,384,322,314,288,245,4,4,3,3,3
1250,0.946042388195938,-49040.2611086434,0.941920970558672,20,16,388,325,319,282,232,4,3,3,3,3
1260,0.946255348549741,-49048.9812852137,0.951144455191986,20,17,392,323,310,274,248,4,3,3,3,3
1270,0.946178776883017,-49044.8522025962,0.941419707416073,20,17,411,309,305,279,249,4,4,3,3,2
1280,0.945823185714349,-49025.4020644412,0.941113689575706,20,18,397,317,312,283,245,4,3,3,3,2
1290,0.94566342154579,-49017.3603658818,0.946415632018673,20,18,386,323,321,264,254,4,3,3,3,2
1300,0.946120026293647,-49042.2294634658,0.947042960026622,20,16,402,324,316,273,232,5,4,3,3,3
1310,0.946558502037436,-49066.3740846238,0.948637388643689,20,15,395,324,301,279,230,6,4,3,3,3
1320,0.946508599756617,-49062.8601531116,0.946617115680586,20,16,388,357,304,285,230,6,4,3,3,2
1330,0.946835502385962,-49080.8102532394,0.942924161987926,20,16,391,342,290,276,239,6,4,3,3,2
1340,0.946506252543658,-49062.8650073428,0.947419205444414,20,15,394,332,305,275,227,6,4,3,3,3
1350,0.945757208595338,-49021.8178059208,0.948651313188047,20,16,393,337,303,269,237,6,4,3,3,2
1360,0.945542860525831,-49010.0636071547,0.949260749147932,20,15,398,336,295,276,238,6,4,3,3,3
1370,0.945907621810868,-49029.8766929904,0.954576155262892,20,16,401,341,295,276,236,6,4,3,3,2
1380,0.945956491739519,-49033.5257062959,0.939459370370973,20,15,415,335,285,281,243,6,4,3,3,3
1390,0.945138119751157,-48987.7134215782,0.949316900500308,20,15,405,329,295,266,236,6,4,3,3,3
1400,0.945957045316657,-49032.9519626512,0.945546661756183,20,17,404,331,291,270,248,6,4,3,2,2
1410,0.944909614659881,-48975.1812203812,0.943772750907596,20,16,400,329,284,276,263,6,4,3,3,2
1420,0.945660834388611,-49017.8300013496,0.945375055293635,20,15,407,333,284,277,257,6,4,3,3,3
1430,0.945552868761474,-49011.1893139227,0.950666148034861,20,15,419,317,290,280,247,6,4,3,3,3
1440,0.945818198022483,-49025.1153080201,0.947237240611983,20,15,413,335,302,264,252,6,4,3,3,3
1450,0.945232855101629,-48992.9074007123,0.944246238007443,20,16,418,320,291,269,265,6,4,3,3,2
1460,0.944970960903173,-48978.4522355462,0.942393370035027,20,15,404,323,289,282,265,6,4,3,3,3
1470,0.946336122821855,-49054.548368916,0.95090670021325,20,16,395,318,302,279,266,6,4,3,3,2
1480,0.94654413564651,-49064.8362201926,0.939612698948592,20,16,398,314,296,292,252,6,4,3,3,2
1490,0.947124273725711,-49096.6921558424,0.947011549419864,20,16,403,314,296,284,260,5,4,3,3,3
1500,0.94541859520675,-49003.0375471366,0.946081135800502,20,16,407,308,296,285,269,4,4,3,3,3
1510,0.946832687132254,-49080.7598606829,0.958565372145887,20,16,426,305,300,277,257,5,4,3,3,3
1520,0.945989243243032,-49035.3285316115,0.941983900643863,20,16,421,299,298,282,269,5,4,3,3,3
1530,0.945314648908016,-48997.4831892298,0.935768868051127,20,16,412,311,297,290,261,4,4,3,3,3
1540,0.945402893419331,-49003.0242783467,0.94563574662577,20,16,419,304,295,292,267,4,3,3,3,3
1550,0.945315939341873,-48997.6574009818,0.942262417732614,20,18,394,311,299,287,284,4,3,3,3,2
1560,0.945890368166135,-49028.9347796475,0.95267197538917,20,17,399,313,308,290,277,4,3,3,3,2
1570,0.9462152844096,-49048.9328053395,0.948324404565556,20,16,419,304,298,291,268,4,4,3,3,3
1580,0.946223790866564,-49047.3574374853,0.945371401337904,20,16,421,304,302,287,245,4,4,3,3,3
1590,0.945879889058532,-49028.7227883791,0.942079525479881,20,16,425,310,294,289,257,4,4,3,3,3
1600,0.946031822193498,-49037.232369992,0.953219395376311,20,17,415,307,303,294,262,4,3,3,3,2
1610,0.945736651157592,-49020.4931365817,0.951528097433206,20,15,404,305,304,300,261,5,4,3,3,3
1620,0.945694310588982,-49018.2159140631,0.936127215025586,20,15,385,309,294,280,275,5,4,3,3,3
1630,0.946018292269169,-49036.8372101104,0.945636231676157,20,16,400,297,291,286,272,4,3,3,3,3
1640,0.946828547597232,-49080.7325118605,0.945160440120528,20,16,393,309,296,290,268,4,4,3,3,3
1650,0.945814402449645,-49024.9498301594,0.93959762595479,20,15,402,306,300,277,272,5,4,3,3,3
1660,0.945906405851749,-49029.8405717013,0.941344887113753,20,16,399,295,285,281,280,4,4,3,3,3
1670,0.944701429945669,-48964.4599347569,0.944543092531523,20,16,389,315,290,287,260,4,3,3,3,3
1680,0.945981299947438,-49033.9257312301,0.951453708884051,20,16,385,312,296,278,270,4,4,3,3,3
1690,0.944909367765769,-48975.7365424221,0.94343721661043,20,16,412,294,285,279,274,4,3,3,3,3
1700,0.94523458206774,-48992.9917874429,0.944376973421181,20,16,415,304,296,272,271,4,4,3,3,3
1710,0.945900746534482,-49029.5512720923,0.952745800299017,20,16,397,309,296,290,264,4,4,3,3,3
1720,0.94662813291033,-49069.4167630907,0.941767340417383,20,15,406,298,293,290,262,5,4,3,3,3
1730,0.946044322740544,-49038.054949822,0.951839177788627,20,16,372,314,307,290,256,4,4,3,3,3
1740,0.944989325904556,-48979.4796783404,0.944009843797636,20,16,373,311,307,276,263,4,4,3,3,3
1750,0.944960616488744,-48978.0273897796,0.940073586514152,20,16,398,304,297,291,258,4,4,3,3,3
1760,0.945434343744522,-49004.6557294268,0.944700072307156,20,16,417,303,296,282,258,4,4,3,3,3
1770,0.945460378987744,-49006.8102726951,0.940409377953648,20,15,426,295,292,283,270,5,4,3,3,3
1780,0.946393624149326,-49056.6290135461,0.945084397069598,20,16,401,302,300,294,270,4,4,3,3,3
1790,0.946611305613385,-49069.2180098877,0.949483850215272,20,16,407,311,295,293,282,4,4,3,3,3
1800,0.946745876714621,-49077.5758223214,0.952600394178936,20,18,416,304,295,293,285,5,3,2,2,2
1810,0.9469243917193,-49085.7414214221,0.945127827675301,20,16,430,307,291,287,278,4,3,3,3,3
1820,0.945982645279497,-49034.0152071785,0.950571422682429,20,16,418,298,292,291,276,4,4,3,3,3
1830,0.946315212000285,-49052.6939610395,0.949829765092912,20,15,427,305,298,284,275,5,4,3,3,3
1840,0.945271092716182,-48994.9441816584,0.944742269724795,20,17,410,302,301,293,276,4,3,3,3,2
1850,0.947216451816518,-49101.7554730901,0.947455949999381,20,16,426,292,290,286,283,4,4,3,3,3
1860,0.946112775338879,-49041.27350246,0.94645188827007,20,18,415,301,298,290,273,4,3,3,3,2
1870,0.944603365665161,-48958.244814313,0.947258532686164,20,16,419,290,289,286,282,4,4,3,3,3
1880,0.945332025120667,-48998.3094340005,0.942558560807836,20,17,438,295,280,276,271,4,4,3,3,2
1890,0.945202257790718,-48991.1894078047,0.944737668154602,20,18,407,296,288,282,281,4,4,3,2,2
1900,0.945959414928636,-49032.7267773569,0.944782115908216,20,16,410,295,290,286,285,4,4,3,3,3
1910,0.945706049239568,-49018.8750584714,0.947398008778828,20,15,414,296,291,284,280,5,4,3,3,3
1920,0.945851361801033,-49026.7923717312,0.943521113086813,20,16,426,300,282,277,271,4,4,3,3,3
1930,0.946705113582352,-49074.0868933402,0.946671897559454,20,16,401,294,286,284,273,4,4,3,3,3
1940,0.946450352251354,-49059.8122526608,0.949793684490881,20,16,408,294,291,288,288,4,4,3,3,3
1950,0.945865328444584,-49028.6581009385,0.94426577025794,20,16,395,309,301,294,264,4,4,3,3,3
1960,0.945615654411363,-49014.904669709,0.948064843237345,20,16,399,310,305,291,271,4,4,3,3,3
1970,0.946006238058219,-49035.3908652252,0.950950305022217,20,15,402,300,297,292,272,5,4,3,3,3
1980,0.945798223243552,-49024.4475033012,0.943374528180169,20,15,413,295,294,293,271,5,4,3,3,3
1990,0.945306913745774,-48996.9096100229,0.943667984781064,20,17,410,303,294,293,264,4,4,3,3,2
2000,0.945575113853131,-49011.7449440092,0.952933171141396,20,16,422,299,296,280,267,4,4,3,3,3
2010,0.945918588934186,-49030.5868895313,0.946230989862995,20,16,401,309,294,292,281,4,3,3,3,3
2020,0.945824102040824,-49025.4050853633,0.942346500875073,20,16,396,304,303,282,269,4,3,3,3,3
2030,0.94612508263432,-49042.6018093199,0.946986412879708,20,16,413,301,296,284,273,4,3,3,3,3
2040,0.946703966414133,-49073.5735127922,0.945596079093005,20,17,386,303,293,290,274,4,3,3,3,2
2050,0.946367855690455,-49056.083553931,0.939174320250376,20,17,406,310,288,274,272,4,3,3,3,2
2060,0.945735446885216,-49020.4642326044,0.941638794331793,20,17,406,307,284,276,275,4,3,3,3,2
2070,0.945859592625346,-49027.2614805541,0.945218246966873,20,17,414,312,298,272,263,4,3,3,3,2
2080,0.9465121812103,-49063.2039004402,0.95054852066389,20,17,421,300,296,281,272,4,3,3,3,2
2090,0.946316963618086,-49053.5490057287,0.946305648672548,20,17,402,311,297,291,264,4,3,3,3,3
2100,0.946229413370059,-49048.3394073544,0.952382056000933,20,17,420,308,297,277,266,4,3,3,3,3
2110,0.945822517958234,-49025.5473515432,0.947794583028846,20,17,410,315,288,279,265,4,3,3,3,3
2120,0.947371883715912,-49110.2185726949,0.942860464285349,20,19,385,304,293,279,272,4,3,3,3,2
2130,0.946643904886995,-49070.4874727481,0.94284707106852,20,17,375,301,291,285,278,4,3,3,3,2
2140,0.946436655186655,-49058.9794228866,0.951769733734426,20,17,403,295,287,284,275,4,3,3,2,2
2150,0.946356245217065,-49054.507302808,0.945996749322408,20,17,404,288,287,287,280,4,3,3,2,2
2160,0.94630562962409,-49051.72423294,0.94389316681929,20,16,396,307,294,294,278,4,3,3,3,2
2170,0.946039347158896,-49038.0895419949,0.945935683125076,20,17,402,298,294,290,290,4,3,3,2,2
2180,0.945064594824345,-48983.5975738789,0.944553080037672,20,17,420,303,291,287,287,4,3,3,2,2
2190,0.945885567697956,-49028.7861937598,0.95211120880166,20,17,435,308,282,279,278,4,3,3,2,2
2200,0.946603264227686,-49069.5135681447,0.942742983514679,20,16,429,294,288,281,279,4,3,3,3,2
2210,0.947192871969532,-49100.4151859771,0.945341447732166,20,16,431,299,296,284,284,4,3,3,3,2
2220,0.946913665515377,-49085.4642713723,0.945249506512135,20,16,429,299,294,280,280,4,3,3,3,2
2230,0.945012283835414,-48980.8600860236,0.944212148430802,20,17,418,305,297,280,278,4,3,3,2,2
2240,0.945821685837195,-49025.1988608633,0.946759086290764,20,18,418,305,291,283,280,4,3,3,2,2
2250,0.945403684801321,-49002.8692092227,0.946753999831489,20,16,423,300,297,291,270,4,3,3,3,2
2260,0.945696469923423,-49018.6176487496,0.952420060802024,20,16,401,305,300,295,269,4,3,3,3,2
2270,0.945856204483109,-49027.4528723194,0.947316920572259,20,16,398,304,303,291,269,4,3,3,3,2
2280,0.945750668832642,-49022.4734951099,0.949804076370153,20,16,385,310,308,285,282,4,3,3,3,2
2290,0.946176912428972,-49044.7361266694,0.943825452920565,20,16,383,314,303,284,270,4,3,3,3,2
2300,0.945627098059414,-49014.5039216478,0.952312160830758,20,16,386,312,311,282,268,4,3,3,3,2
2310,0.945713318200959,-49019.4806811516,0.942414466143668,20,18,396,302,299,285,280,3,3,3,2,2
2320,0.945919733918857,-49031.085633322,0.946964765549912,20,17,412,301,298,284,277,4,3,3,2,2
2330,0.944905682134241,-48974.867913333,0.946137755044199,20,16,416,301,299,293,270,4,3,3,2,2
2340,0.945222331790926,-48992.3227272094,0.945079766168314,20,17,386,302,299,284,275,4,3,3,2,2
2350,0.945055489771907,-48983.8393846933,0.936251379708029,20,16,390,308,307,280,272,4,3,3,3,2
2360,0.945793727454107,-49025.577374237,0.947295356143296,20,16,406,328,308,283,266,4,3,3,3,2
2370,0.946301971962957,-49051.5796046027,0.951290139519607,20,16,415,317,299,291,256,4,3,3,3,2
2380,0.946201349678489,-49047.7298451399,0.954531940337066,20,16,408,307,299,281,263,4,3,3,3,2
2390,0.94650832546626,-49062.9647822726,0.947356084941024,20,16,423,307,295,276,265,4,3,3,3,2
2400,0.945519752615134,-49008.6138714931,0.944178567028487,20,16,424,309,289,272,269,4,3,3,3,2
2410,0.945969113537869,-49034.847326741,0.944046706533345,20,16,430,304,282,279,261,4,3,3,3,2
2420,0.945644065661724,-49015.8008896606,0.942034445967876,20,16,420,298,290,275,273,4,3,3,3,2
2430,0.945288141164028,-48995.8670130871,0.948231421874418,20,16,405,296,293,290,280,4,3,3,3,2
2440,0.946503415049104,-49063.6967191424,0.947051473554637,20,16,407,303,287,285,275,4,3,3,3,2
2450,0.946311172905216,-49053.451193735,0.952408527319171,20,18,404,305,288,285,275,4,3,3,2,2
2460,0.94572235281223,-49019.8104918953,0.951649158896594,20,16,402,294,289,288,271,4,3,3,3,2
2470,0.945934989799272,-49031.5919455925,0.940896391888774,20,16,383,300,295,289,288,4,3,3,3,2
2480,0.946122199177304,-49042.1233285276,0.946640628235611,20,16,413,313,291,287,282,4,3,3,3,2
2490,0.946257590977874,-49049.4421039718,0.951100620594658,20,16,398,318,301,287,282,4,3,3,3,2
2500,0.946006173371928,-49035.3890741325,0.945964938621259,20,16,371,322,306,304,280,4,3,3,3,2
2510,0.946798032687834,-49078.8152618997,0.944874809159027,20,16,399,320,299,288,274,4,3,3,3,2
2520,0.946676010791564,-49072.0332515889,0.946072519756368,20,16,396,322,301,297,267,4,3,3,3,2
2530,0.947367694160036,-49110.224011272,0.945465773374213,20,17,415,323,311,299,257,4,3,3,3,2
2540,0.946411917168736,-49057.8005608526,0.949920567979828,20,17,398,301,301,297,265,4,3,3,3,2
2550,0.945337377059303,-48998.576925702,0.948277876745117,20,16,404,311,301,287,272,4,3,3,3,2
2560,0.946395586498707,-49058.2966376774,0.948707402367713,20,16,401,308,295,292,286,4,3,3,3,2
2570,0.945285860260996,-48995.7574171865,0.949647527770517,20,17,403,306,303,282,277,4,3,3,2,2
2580,0.946227952973594,-49047.6312884279,0.940967310621203,20,16,395,312,297,286,281,4,3,3,3,2
2590,0.945471611131312,-49005.9535322886,0.951110916830872,20,16,405,300,298,287,279,4,3,3,3,2
2600,0.945525343967293,-49009.2474795306,0.949331463676023,20,16,394,297,293,291,287,4,3,3,3,2
2610,0.945360976153911,-49002.1809284726,0.946428639002328,20,17,413,298,294,294,270,4,3,3,2,2
2620,0.945586861504854,-49012.3303653803,0.952016284178169,20,16,423,299,296,281,271,4,3,3,3,2
2630,0.945460424252012,-49005.6223289796,0.949280095810447,20,16,404,310,292,292,271,4,3,3,3,2
2640,0.946498870782693,-49062.4678951709,0.95273612480214,20,16,403,308,291,289,275,4,3,3,3,2
2650,0.94449495524127,-48952.3239044727,0.944239323953255,20,16,405,304,293,285,275,4,3,3,3,2
2660,0.945359851506074,-49000.1556854219,0.946276030728823,20,17,397,296,286,285,284,4,4,3,3,2
2670,0.946112541476795,-49041.6641691033,0.945756571343422,20,15,416,306,293,284,269,4,4,3,3,3
2680,0.944567905278379,-48956.2947938798,0.947283617171149,20,17,417,301,284,280,276,4,3,3,2,2
2690,0.94444547674675,-48949.5817573308,0.942629751058145,20,17,398,309,293,286,262,4,3,3,2,2
2700,0.945262967127858,-48994.968598134,0.954071086886715,20,17,410,305,288,286,277,4,3,3,2,2
2710,0.945958535913415,-49032.8013658786,0.948583430940204,20,17,414,305,297,289,276,4,3,3,2,2
2720,0.946507437538698,-49063.2864673739,0.947665989444354,20,16,413,306,304,288,287,4,3,3,3,2
2730,0.945926873503536,-49031.1379186139,0.956215555826419,20,17,406,308,303,292,285,4,3,2,2,2
2740,0.944961234272466,-48978.076512436,0.942110387653875,20,17,399,302,296,296,293,4,3,3,2,2
2750,0.945443812587265,-49004.5149809222,0.946050647473575,20,17,394,303,302,299,286,4,3,2,2,2
2760,0.946441576427749,-49059.3934238226,0.943262256951909,20,17,410,299,298,291,272,4,3,2,2,2
2770,0.946209748595574,-49046.6686724234,0.947006112092114,20,17,398,305,299,291,287,4,3,2,2,2
2780,0.945251207069963,-48994.1882992909,0.937094107178427,20,17,392,302,293,291,287,4,3,2,2,2
2790,0.945536332057603,-49010.2735146978,0.948032321127718,20,17,407,306,295,294,277,4,3,2,2,2
2800,0.945641056417423,-49015.8574916054,0.940854999402255,20,17,399,306,294,279,275,4,3,2,2,2
2810,0.945767266889536,-49022.3145434064,0.947714077987579,20,18,406,294,290,288,283,4,3,2,2,2
2820,0.945420501061676,-49003.3211637952,0.945254213404658,20,17,411,292,289,284,282,4,2,2,2,2
2830,0.945845935471032,-49026.5396993688,0.947420915173463,20,16,399,297,294,291,286,4,3,2,2,2
2840,0.947307467068098,-49107.2044672647,0.947276800410528,20,17,400,297,293,291,288,4,3,3,2,2
2850,0.947201872869753,-49101.2008131866,0.945236840316527,20,16,423,307,302,285,266,4,3,3,2,2
2860,0.946268223844263,-49049.710342255,0.945745105253538,20,16,409,301,299,283,282,4,3,3,2,2
2870,0.946107162805492,-49041.1449255619,0.946627342804359,20,17,424,315,298,279,269,4,3,3,2,2
2880,0.945963084906157,-49036.1809168758,0.952021513773247,20,16,421,316,297,284,268,4,3,3,2,2
2890,0.94643077685086,-49060.8018818217,0.944017155491552,20,17,428,314,302,291,257,4,3,3,2,2
2900,0.945764700980926,-49022.1232948418,0.949206420597698,20,17,421,311,293,281,270,4,3,3,2,2
2910,0.945524615119707,-49009.0438618517,0.947473082993616,20,17,424,318,291,285,260,4,3,3,2,2
2920,0.94563767566252,-49015.693338726,0.948213660747663,20,16,420,306,303,272,265,4,3,3,2,2
2930,0.945374282016974,-49002.3561085047,0.943357774177438,20,17,397,298,292,287,278,4,3,3,2,2
2940,0.945950775974364,-49032.2466178937,0.940727718448804,20,18,399,306,299,290,253,3,3,3,2,2
2950,0.945732835795013,-49020.2825517432,0.944399497008809,20,17,394,313,295,284,271,4,3,3,2,2
2960,0.945835380125671,-49025.9625495597,0.939172694343036,20,16,398,311,294,292,282,4,4,3,2,2
2970,0.945839840272723,-49026.6246817193,0.938962853300826,20,16,401,312,297,283,277,4,4,3,2,2
2980,0.945923235236277,-49030.7776547131,0.942048774594645,20,16,402,304,299,291,279,4,4,3,2,2
2990,0.945851114665497,-49027.5415966049,0.950087813789468,20,16,406,302,301,284,267,4,4,3,2,2
3000,0.947244257885817,-49104.0520070415,0.945300351618766,20,16,417,305,296,279,265,4,4,3,2,2
3010,0.946706382990252,-49073.7247248912,0.946354474511287,20,16,402,301,297,293,270,4,4,3,2,2
3020,0.94557607084228,-49011.6827159905,0.953157186453265,20,16,397,305,299,292,266,4,4,3,2,2
3030,0.946863760069934,-49082.5201234484,0.954893813423875,20,16,410,311,299,288,266,4,4,3,2,2
3040,0.946035041160998,-49036.9939591182,0.945450380168119,20,16,391,305,297,294,271,4,4,3,2,2
3050,0.945711615561758,-49019.1867724876,0.945108246482045,20,16,400,305,291,286,273,4,4,3,2,2
3060,0.945894725263477,-49029.3976529523,0.953645663016319,20,16,393,304,298,285,284,4,4,3,2,2
3070,0.945178615371436,-48990.1616988479,0.950523571792038,20,16,379,308,306,281,266,4,4,3,2,2
3080,0.945619379557962,-49015.2884618715,0.947955967565961,20,16,385,308,302,285,278,4,4,3,2,2
3090,0.946605082140988,-49068.1532523889,0.954702410894843,20,16,394,310,300,281,274,4,4,3,2,2
3100,0.944837918934077,-48972.8471154863,0.949439164894026,20,16,401,311,300,282,271,4,4,3,2,2
3110,0.946454888723052,-49060.3721781135,0.943793418547062,20,16,395,312,296,288,266,4,4,3,2,2
3120,0.946959543191535,-49088.6571171081,0.942257336024168,20,17,380,307,299,292,277,4,3,3,2,2
3130,0.945119697030894,-48986.8333810422,0.942725781308829,20,16,391,300,293,288,277,4,4,3,2,2
3140,0.946193506080057,-49049.0214413885,0.941082787287198,20,16,397,297,295,286,271,4,4,3,2,2
3150,0.945579085963806,-49011.8975759602,0.95569745341881,20,17,399,311,291,285,261,4,3,3,2,2
3160,0.945672453726529,-49023.0681426272,0.94857125986496,20,18,414,297,295,282,265,3,3,3,2,2
3170,0.945722277972636,-49019.7534919938,0.945512536412053,20,16,396,301,298,296,274,4,3,3,2,2
3180,0.94583277155136,-49025.7712156028,0.954278304646616,20,17,405,302,293,289,277,4,3,3,2,2
3190,0.945861488796825,-49027.5608478871,0.942882346496857,20,16,406,306,295,287,256,4,3,3,2,2
3200,0.946094777671322,-49040.4407155123,0.950922072970021,20,16,401,316,299,288,262,4,3,3,2,2
3210,0.945928272869153,-49031.1295833546,0.947862923115914,20,17,413,300,298,295,275,4,3,3,2,2
3220,0.945457907711181,-49005.4510771627,0.9511233023889,20,16,434,300,296,293,265,4,4,3,2,2
3230,0.945774985597045,-49023.2768554687,0.946902931893336,20,16,420,304,302,283,278,4,4,3,2,2
3240,0.946139189009714,-49043.5091112329,0.947251119730872,20,16,424,300,300,278,275,4,4,3,2,2
3250,0.946358544118607,-49054.8804623296,0.940668941353784,20,16,426,298,286,284,270,4,4,3,2,2
3260,0.94575175131773,-49021.7338659433,0.943074012465366,20,16,426,293,285,277,272,4,4,3,2,2
3270,0.945975755029837,-49033.6391174372,0.936869602093123,20,16,414,305,284,281,279,4,4,3,2,2
3280,0.945190056836028,-48990.498631108,0.94204335729586,20,17,386,313,301,277,269,4,3,3,2,2
3290,0.945733586395335,-49020.8910452282,0.945366440921279,20,17,406,304,289,283,274,4,3,3,2,2
3300,0.946055113370494,-49038.0201311332,0.949341699204122,20,17,400,306,286,282,281,4,3,3,2,2
3310,0.945912246413946,-49030.3382611973,0.949156937498057,20,16,402,300,290,285,278,4,4,3,2,2
3320,0.945854549532113,-49027.7289244242,0.948355123836019,20,17,397,300,298,281,281,4,3,2,2,2
3330,0.945791269467669,-49024.0824199696,0.943939187672724,20,17,405,303,292,283,281,4,3,3,2,2
3340,0.946499026526303,-49062.3264519655,0.947936460714306,20,17,413,303,298,281,281,4,3,3,2,2
3350,0.945723356620007,-49020.2629087653,0.954215870332532,20,18,405,312,300,271,262,3,3,3,2,2
3360,0.946148700331126,-49043.8613583319,0.948157279076329,20,17,400,320,314,287,248,4,3,3,2,2
3370,0.946465108889356,-49060.8587549833,0.943320185655189,20,18,384,330,318,284,251,3,3,3,2,2
3380,0.946343888053547,-49055.8550008027,0.947358822698241,20,19,411,318,310,274,253,3,3,3,3,2
3390,0.946709132461852,-49073.8506616949,0.948429835176401,20,17,418,315,299,274,252,4,3,3,3,2
3400,0.946792993635842,-49078.4510376422,0.948846132593049,20,18,424,333,306,269,249,4,3,3,3,2
3410,0.947190541722285,-49100.4730396293,0.944285967927335,20,16,440,316,290,283,252,4,4,4,3,2
3420,0.947297636651408,-49106.1752321855,0.94852069472133,20,16,427,318,308,274,257,4,4,4,3,2
3430,0.947601150171739,-49123.0359951341,0.949665896008894,20,15,430,306,294,286,261,5,4,4,3,2
3440,0.94672073011718,-49074.5174112908,0.939082394030534,20,15,440,298,296,282,262,5,4,4,3,2
3450,0.946582520174969,-49067.6769985101,0.944155863459366,20,16,436,297,290,282,275,4,4,4,3,2
3460,0.946834815756054,-49080.749888428,0.947400490637556,20,15,427,305,293,281,270,5,4,4,3,2
3470,0.945679118137056,-49017.5643597217,0.94636211830994,20,16,418,318,285,279,277,4,4,3,3,2
3480,0.94596072827268,-49033.1763292804,0.9512007624499,20,16,413,323,286,283,272,4,4,4,3,2
3490,0.945526492727562,-49009.085681968,0.950016258585706,20,16,406,327,287,279,267,4,4,3,3,2
3500,0.945040864109239,-48982.5962873427,0.936200517980388,20,16,399,324,286,277,267,4,4,3,3,2
3510,0.945909776157464,-49030.6980473886,0.94256444623583,20,16,394,328,287,286,264,4,4,4,3,2
3520,0.946401499594976,-49057.7809356766,0.944430786222325,20,16,413,339,299,283,248,4,4,4,3,2
3530,0.946187708823622,-49046.3078624187,0.951635781004272,20,15,406,313,304,269,265,5,4,4,3,2
3540,0.946927444586553,-49086.1197286069,0.946079536049636,20,17,413,328,312,266,257,4,4,4,3,2
3550,0.946490630923929,-49065.8700821199,0.941492194820143,20,17,401,335,307,269,267,4,4,3,3,2
3560,0.946466992835224,-49060.6579868608,0.948031035952275,20,18,420,332,310,271,258,4,4,3,3,2
3570,0.946038738472038,-49037.1723907315,0.945543942055481,20,17,419,326,287,270,263,4,4,3,3,2
3580,0.946803050173437,-49079.7557483164,0.94277620069019,20,17,421,329,292,266,264,4,4,3,3,2
3590,0.946295850064111,-49051.2986338457,0.951751653092811,20,17,403,315,296,279,270,4,4,3,3,2
3600,0.946387685398876,-49056.2393267897,0.943488222532515,20,17,407,317,300,277,273,4,4,3,3,2
3610,0.945771611034531,-49022.4247626265,0.951807127291722,20,17,421,305,303,282,266,4,4,3,3,2
3620,0.946414278765036,-49057.7527408118,0.951529212677247,20,17,401,323,302,281,264,5,4,3,3,2
3630,0.945983095368793,-49034.5252190381,0.948039679583652,20,15,398,321,305,272,266,5,4,4,3,2
3640,0.944766568067383,-48967.2204368715,0.948327675707655,20,16,415,306,291,285,265,4,4,4,3,2
3650,0.946093365970164,-49040.135627488,0.948528937733737,20,15,404,315,293,283,276,5,4,4,3,2
3660,0.945058615251908,-48983.3615429675,0.946563192104065,20,17,385,309,308,275,267,4,4,4,2,2
3670,0.945286466292831,-48996.5610224657,0.944177926419319,20,16,390,319,299,288,257,4,4,4,3,2
3680,0.94610498229462,-49041.091522811,0.948355359693095,20,16,374,318,300,283,259,4,4,3,3,2
3690,0.946180346141054,-49044.9746990313,0.936476718723776,20,16,396,307,291,284,269,4,4,3,2,2
3700,0.945927748232472,-49031.455598793,0.947248077525789,20,16,413,315,290,272,250,4,4,3,2,2
3710,0.945948896998327,-49032.1704059969,0.951102270429864,20,18,409,316,296,282,249,4,3,3,2,2
3720,0.946783363872964,-49078.0321063325,0.94676574366763,20,18,413,309,299,289,259,4,3,3,2,2
3730,0.946175742822411,-49044.748619994,0.946844913381224,20,17,407,321,297,282,270,4,3,3,3,2
3740,0.9455788226156,-49014.4304923309,0.941728226224683,20,17,413,299,292,290,268,4,3,3,2,2
3750,0.947463146369399,-49115.2216963047,0.9470377687913,20,16,413,303,302,291,268,5,4,3,2,2
3760,0.946662627826767,-49071.3372688006,0.941942288828248,20,17,438,301,289,288,279,4,4,3,2,2
3770,0.946554340853885,-49065.4808410734,0.95070537535001,20,17,409,313,288,278,273,4,4,3,2,2
3780,0.9463415471001,-49053.6924584647,0.947785016591386,20,17,395,315,285,279,273,4,4,3,2,2
3790,0.946402694203279,-49057.5251260545,0.949770616481673,20,16,387,306,301,291,258,4,4,4,3,2
3800,0.946238827852611,-49048.1160552474,0.937378517057017,20,15,390,314,303,292,271,5,4,4,3,2
3810,0.946019055957211,-49036.0615054998,0.941441722957043,20,16,401,306,294,287,266,4,4,3,3,2
3820,0.94750453247391,-49117.514675827,0.947560794265859,20,17,405,316,292,285,260,4,4,4,2,2
3830,0.945770760601868,-49022.3684343643,0.944283932247337,20,16,394,326,292,289,271,4,4,4,3,2
3840,0.945737909950235,-49021.0148983757,0.944988649561286,20,17,405,330,290,289,252,4,4,3,3,2
3850,0.946316672066115,-49053.3678709784,0.948075590802184,20,17,377,332,306,304,250,4,4,3,3,2
3860,0.946039639814809,-49037.2922461694,0.946880285790618,20,16,393,308,298,283,272,4,4,3,3,2
3870,0.945912891393802,-49030.1660489259,0.946047411298626,20,15,408,302,294,290,253,5,4,4,3,2
3880,0.946798820659247,-49078.8781947845,0.94705441886516,20,16,388,312,303,296,256,4,4,4,3,2
3890,0.945910375447934,-49030.0586133572,0.952117218323908,20,17,387,320,306,285,250,4,4,4,3,2
3900,0.94466612863039,-48962.4748500544,0.93408804760735,20,17,393,313,289,281,269,4,4,3,3,2
3910,0.945617857134217,-49014.0263225362,0.952957550110831,20,16,389,317,289,281,255,4,4,4,3,2
3920,0.945623248631575,-49014.428906052,0.946851406056649,20,16,404,313,285,285,259,4,4,4,3,2
3930,0.945277329454031,-48995.5684818217,0.944666612572784,20,16,415,297,295,286,261,4,4,4,3,2
3940,0.946281771890085,-49050.4136154775,0.946521687798263,20,16,402,315,288,286,259,4,4,4,3,2
3950,0.945298883178908,-48997.6390803761,0.940285469691927,20,16,405,315,296,279,251,5,4,4,3,2
3960,0.946855808128287,-49081.9758800142,0.939770744784584,20,15,394,325,301,289,254,5,4,4,3,2
3970,0.944651688617958,-48962.5606941342,0.940532086161955,20,16,383,307,305,289,266,4,4,4,3,2
3980,0.946168330523882,-49044.4230631465,0.943001714380656,20,17,395,314,296,283,268,4,4,3,3,2
3990,0.946537977229516,-49064.5234026637,0.947125645570058,20,17,396,308,297,295,275,4,4,4,3,2
4000,0.946160109137848,-49045.1138144286,0.951532978764336,20,16,406,308,301,286,274,4,4,3,3,2
4010,0.946914005572441,-49085.5473455702,0.945985572673001,20,15,413,319,292,274,268,5,4,4,3,2
4020,0.946148233393156,-49046.2215114998,0.939728303934041,20,15,400,315,300,284,277,5,4,4,3,2
4030,0.94625197817386,-49048.9677842844,0.94336468871444,20,15,410,296,288,285,284,5,4,4,3,2
4040,0.945431659533332,-49003.7574176464,0.948159503982224,20,16,415,291,288,287,287,5,4,4,3,2
4050,0.945603605991571,-49013.3334773135,0.945397177884036,20,15,427,299,291,286,277,5,4,4,3,2
4060,0.946065632529724,-49039.6553697192,0.94948476272578,20,16,421,305,304,279,273,4,4,4,3,2
4070,0.945696027950287,-49018.2969748415,0.952708668503718,20,16,428,304,285,282,275,4,4,4,3,2
4080,0.946295484681037,-49052.991687055,0.946352850793144,20,15,428,303,292,288,276,5,4,4,3,2
4090,0.945423370745831,-49003.447821746,0.936684762746097,20,16,417,323,277,275,274,4,4,4,3,2
4100,0.946573038606742,-49067.1535819258,0.945951367845278,20,16,441,302,288,274,263,4,4,4,3,2
4110,0.945740959231344,-49020.8350236262,0.949913438573552,20,16,417,305,289,287,277,4,4,3,3,2
4120,0.945533482108768,-49009.5078588499,0.943173469039916,20,16,416,302,299,282,278,4,4,3,3,2
4130,0.946063816722578,-49038.5130409685,0.94113250523944,20,17,416,305,289,285,267,4,4,3,3,2
4140,0.946008444213712,-49035.459420996,0.942697138347304,20,15,404,303,293,285,281,5,4,4,3,2
4150,0.945999561102143,-49034.9632184151,0.942752475812608,20,16,413,297,292,287,277,4,4,4,3,2
4160,0.946147789734047,-49043.3935629345,0.947687341908321,20,16,393,299,296,288,286,4,4,4,3,2
4170,0.945620440312829,-49014.1174900216,0.942074319937172,20,16,416,292,283,282,274,4,4,3,3,2
4180,0.945744426494079,-49021.7318601661,0.950005381967882,20,17,394,302,297,284,265,4,4,3,3,2
4190,0.94551967821788,-49008.5796211045,0.946332812790996,20,16,397,308,305,284,261,4,4,4,3,2
4200,0.944990223757244,-48981.8145107586,0.939678499430678,20,16,385,303,299,295,275,4,4,4,3,2
4210,0.945485464359826,-49007.0218543775,0.942334277648582,20,16,398,299,293,279,270,4,4,4,3,2
4220,0.944822220649236,-48970.6064023054,0.945930690390718,20,16,393,305,296,286,257,4,4,4,3,2
4230,0.945705749519357,-49019.2358210501,0.952282312533132,20,17,414,299,289,278,265,4,4,3,2,2
4240,0.944489050904975,-48952.1486993633,0.945731141428237,20,17,407,318,297,269,256,4,4,3,2,2
4250,0.945974480486636,-49034.017515238,0.948652098102946,20,17,414,310,298,266,266,4,3,3,2,2
4260,0.945092799849799,-48985.2377743417,0.942992501970758,20,16,403,327,290,266,264,5,4,3,2,2
4270,0.945467338299657,-49005.727910072,0.947597423860366,20,16,401,323,293,290,262,4,4,4,3,2
4280,0.946194761334059,-49048.5501660782,0.955695837932273,20,17,387,321,309,281,269,4,4,3,3,2
4290,0.945672951424311,-49019.1291111365,0.948677168072022,20,16,394,316,306,282,262,4,4,3,3,2
4300,0.946664258878176,-49071.3893727807,0.953649740490897,20,16,396,310,302,294,260,4,4,3,3,2
4310,0.946743212768487,-49075.7741605579,0.943697591679683,20,16,372,310,303,295,276,4,4,3,3,2
4320,0.945427234284207,-49003.6312407398,0.941069114125678,20,16,390,310,305,280,260,4,4,4,3,2
4330,0.945512768054234,-49008.5828841274,0.943352964532414,20,16,408,311,303,271,268,4,4,3,3,2
4340,0.946324316224187,-49053.0457619224,0.947105457473745,20,15,410,309,300,276,260,5,4,4,3,2
4350,0.945992919147909,-49034.9936968465,0.946225461633856,20,16,389,309,304,283,268,4,4,3,3,2
4360,0.945803315495,-49024.1794053729,0.947569403733363,20,16,394,304,300,282,274,4,4,3,3,2
4370,0.946618994286146,-49069.1145966795,0.948519487114871,20,16,386,318,301,279,273,4,4,3,3,2
4380,0.946073140396227,-49040.8002162274,0.94186091157171,20,16,391,316,305,280,269,4,4,3,3,2
4390,0.946608093303669,-49068.3957110835,0.94478330949522,20,16,405,309,306,286,282,4,4,4,3,2
4400,0.946691272635475,-49073.5224759721,0.940992947387326,20,15,382,304,303,294,285,5,4,4,3,2
4410,0.94500923648287,-48981.1206028397,0.945946174047921,20,16,399,314,294,283,277,5,4,3,3,2
4420,0.945188833282122,-48991.2605032724,0.949130839742862,20,16,401,301,295,288,286,4,4,3,3,2
4430,0.945792122993241,-49023.9214064482,0.94274793460218,20,16,396,307,295,294,292,4,4,3,3,2
4440,0.946357759581955,-49055.3611873855,0.939157352247372,20,16,415,304,293,290,275,4,4,4,3,2
4450,0.946645081287354,-49070.4678165544,0.946393312435531,20,16,420,307,294,285,268,5,4,4,2,2
4460,0.946676234206881,-49072.1003072802,0.94765269743279,20,16,435,301,285,284,270,5,4,4,2,2
4470,0.946416787832383,-49058.6528687767,0.950217066468422,20,17,413,303,290,280,277,4,4,3,3,2
4480,0.946043540212305,-49039.0990749238,0.946544239249038,20,17,422,307,301,293,276,5,4,4,3,2
4490,0.945272202878188,-48995.5933455957,0.947337027111689,20,16,432,300,297,286,269,4,4,4,3,2
4500,0.945664692005025,-49016.7307948831,0.942561779961073,20,16,437,315,293,290,259,4,4,4,3,2
4510,0.946772877389382,-49077.932789675,0.94107647920987,20,16,421,315,293,293,272,4,4,4,3,2
4520,0.946041065720693,-49037.326677265,0.946606519802141,20,16,433,311,299,278,265,4,4,4,3,2
4530,0.947683979578553,-49127.6468864052,0.950294380440242,20,16,417,305,304,278,277,4,4,4,3,2
4540,0.946456601552923,-49060.2651891818,0.938558277996188,20,15,413,296,288,286,274,5,4,4,3,2
4550,0.946615813215546,-49070.0310424595,0.93969636601497,20,16,410,297,296,280,268,5,4,4,2,2
4560,0.946930993021813,-49086.4011090163,0.945260069396576,20,15,401,296,294,285,283,5,4,4,3,2
4570,0.945420499788599,-49003.7890879857,0.950812665382609,20,16,400,308,295,292,270,4,4,3,3,2
4580,0.945247759388272,-48994.6591683163,0.951883932383473,20,16,421,309,289,285,272,4,4,4,3,2
4590,0.946417813852035,-49058.9411327675,0.946823725526147,20,16,396,305,288,285,279,4,4,3,3,2
4600,0.945680469378495,-49018.1727449029,0.940254630498829,20,16,393,304,294,286,284,4,4,4,3,2
4610,0.946500838652771,-49063.6866479709,0.940640501968167,20,16,382,308,297,290,266,4,4,4,3,2
4620,0.945488801913497,-49008.1772254619,0.948113046150563,20,17,379,322,297,293,272,4,4,4,3,2
4630,0.9461172131433,-49041.4331648515,0.942164491494551,20,15,409,308,294,282,277,5,4,4,3,2
4640,0.945973965567408,-49034.4353047059,0.948436602123793,20,16,395,319,291,275,261,4,4,3,3,2
4650,0.945155599865257,-48988.8610274705,0.939719273778359,20,16,405,314,294,264,258,4,4,3,3,2
4660,0.945604252474753,-49016.9501691634,0.950853162007391,20,16,412,301,301,264,251,4,4,3,3,2
4670,0.945177642488405,-48989.7956302697,0.9404180270535,20,16,393,331,306,273,247,4,4,3,3,2
4680,0.945840773629893,-49026.4206761614,0.94908601708813,20,17,399,316,293,282,266,4,4,3,3,2
4690,0.945491155319913,-49007.1118171657,0.944719503528743,20,16,406,309,284,281,265,4,4,3,3,2
4700,0.945106038618286,-48986.4515970313,0.951177750236676,20,17,408,316,292,285,242,4,4,3,3,2
4710,0.945583600368557,-49012.7667056911,0.947765302218847,20,16,390,316,299,295,245,4,4,3,3,2
4720,0.946502788456063,-49063.8217668253,0.934756200444557,20,16,399,306,302,294,251,4,4,3,3,2
4730,0.946650614885248,-49071.591723705,0.956214813813827,20,15,393,318,315,292,240,5,4,4,3,2
4740,0.94682161870854,-49080.4303923275,0.945448650635339,20,15,394,328,305,295,240,5,4,4,3,2
4750,0.94616740098046,-49044.3091670781,0.958420704956929,20,15,381,329,301,295,239,5,4,4,3,2
4760,0.945823236484735,-49025.524436006,0.945642535090083,20,16,391,328,296,286,248,4,4,3,3,2
4770,0.944232801024876,-48937.8915629026,0.946237614697487,20,16,373,333,297,286,249,4,4,4,3,2
4780,0.945351691143003,-49000.8297399244,0.949289427990236,20,15,391,323,295,283,251,5,4,4,3,2
4790,0.945357103281264,-48999.8487270302,0.945925598228778,20,15,380,319,307,280,246,5,4,4,3,2
4800,0.945711261737754,-49020.8163287337,0.945050394470633,20,15,384,339,308,271,229,5,4,4,3,2
4810,0.945608188947756,-49015.5797711121,0.942956317238578,20,16,398,333,318,266,216,5,4,4,3,2
4820,0.945219227202325,-48992.4380090639,0.938209692513415,20,16,405,349,302,263,210,4,4,4,3,2
4830,0.945215631215954,-48991.8821935905,0.94501063895694,20,15,394,345,301,271,212,5,4,4,3,2
4840,0.944302029044043,-48942.172941422,0.942056694683684,20,16,404,320,290,278,227,4,4,4,3,2
4850,0.946008655544259,-49038.3256893599,0.946986834169298,20,17,395,338,285,282,232,4,4,4,3,2
4860,0.945568107854197,-49012.2809961517,0.943360554459217,20,15,383,340,293,293,219,5,4,4,3,2
4870,0.945431160626053,-49004.9967593601,0.947603874717612,20,16,404,340,294,280,219,4,4,4,3,2
4880,0.9452617096739,-48995.8439783044,0.943068369311702,20,15,408,337,302,273,225,5,4,4,3,2
4890,0.944374990777812,-48945.9902035903,0.945299932756087,20,15,399,319,304,273,231,5,4,4,3,2
4900,0.945127087659947,-48987.4499803989,0.945580712578695,20,15,406,341,304,270,218,5,4,4,3,2
4910,0.945990869806465,-49034.446083383,0.945257336033911,20,15,409,337,309,264,225,5,4,4,3,2
4920,0.945568954605503,-49011.3016170531,0.9510734516918,20,17,417,340,307,263,241,4,4,3,3,2
4930,0.945212293220761,-48991.7260923299,0.949388063235772,20,17,416,333,286,274,238,4,4,4,3,2
4940,0.944622240333806,-48959.5448258808,0.944960331287787,20,16,403,325,298,273,244,4,4,4,3,2
4950,0.945296579260506,-48996.3966179238,0.942854540195818,20,16,399,326,292,276,238,4,4,4,3,2
4960,0.945697039580922,-49018.6927616965,0.942287166925168,20,16,404,338,287,265,224,4,4,3,3,2
4970,0.945641122674339,-49015.5823487436,0.943072146329712,20,16,375,338,291,266,230,4,4,3,3,2
4980,0.945642662516378,-49015.52767865,0.942559097510581,20,16,369,339,296,270,233,4,4,3,3,2
4990,0.944838395069026,-48971.1655188837,0.943569855312433,20,16,389,332,295,268,245,4,4,4,3,2
5000,0.945879115172676,-49028.9930571291,0.945340648472802,20,17,395,342,285,271,242,4,4,3,2,2
5010,0.945125321994456,-48986.948821677,0.942629952211485,20,16,394,325,289,285,238,5,4,4,3,2
5020,0.944954998912808,-48977.9668626295,0.949638071229383,20,16,421,322,295,271,234,4,4,4,3,2
5030,0.945351409534821,-49000.1973563116,0.945346561743836,20,16,412,323,289,272,240,4,4,4,3,2
5040,0.945558943632527,-49010.8846284184,0.943495097835541,20,15,425,330,293,282,219,5,4,4,3,2
5050,0.944915579404357,-48975.4879198591,0.935703334806561,20,16,420,346,300,278,213,4,4,4,3,2
5060,0.945339868868201,-48999.2443868815,0.947460356896396,20,16,402,336,310,279,227,4,4,4,3,2
5070,0.945401145574374,-49002.2575661011,0.945275315352682,20,16,383,341,304,271,239,4,4,4,3,2
5080,0.944801614537255,-48969.1369004019,0.947637065455362,20,16,394,341,296,279,229,4,4,4,3,2
5090,0.945020367956815,-48981.1692527668,0.947891948427248,20,17,386,335,296,276,235,4,3,3,3,2
5100,0.946547980177621,-49065.0246596566,0.941435356854992,20,16,398,334,285,277,226,4,4,3,3,2
5110,0.94524788742763,-48993.8606209697,0.942330125596084,20,15,399,318,290,276,233,5,4,4,3,2
5120,0.945435599349214,-49003.9986980667,0.93897170619629,20,15,384,341,294,277,222,5,4,4,3,2
5130,0.945910586893105,-49030.3624964109,0.941276583309992,20,15,403,323,289,284,224,5,4,4,3,2
5140,0.94588584053457,-49028.8244776725,0.945022550577498,20,16,400,319,291,279,232,4,4,4,3,2
5150,0.945215567825349,-48991.9086110802,0.950201829745278,20,16,397,329,296,281,226,4,4,3,3,2
5160,0.945216368033416,-48992.0857563834,0.944336041583254,20,16,409,333,280,280,240,4,4,4,3,2
5170,0.945389895696196,-49003.1124435361,0.949624350466184,20,15,404,331,288,287,237,5,4,4,3,2
5180,0.945431783095835,-49003.7761162893,0.944402092727589,20,15,422,336,299,267,217,5,4,4,3,2
5190,0.945744516878576,-49021.8165986951,0.953158905495814,20,16,408,315,301,260,231,5,4,3,3,2
5200,0.945166236099706,-48989.2336071758,0.943853291197511,20,15,412,327,294,263,217,5,4,4,3,2
5210,0.944786714965278,-48968.3777912655,0.949677778851031,20,16,406,320,294,251,218,4,4,4,3,2
5220,0.945663986261213,-49018.4053709506,0.93924844958474,20,16,374,327,289,276,220,4,4,4,3,2
5230,0.945202371950502,-48991.1568423637,0.937419853310957,20,16,388,306,305,266,220,4,4,3,3,2
5240,0.945231657525683,-48992.919155948,0.943488888487037,20,16,365,320,308,277,239,4,4,3,3,2
5250,0.946293100187035,-49051.7908546899,0.941151383496084,20,16,380,316,298,277,239,4,4,4,3,2
5260,0.946493146283701,-49062.1785268242,0.945431179639151,20,16,414,311,299,264,232,4,4,4,3,2
5270,0.945340135678867,-48999.966973652,0.943594614459476,20,16,403,334,288,270,219,4,4,4,3,2
5280,0.946170320694588,-49044.5478926213,0.947099770506971,20,17,413,325,287,275,218,4,4,4,3,2
5290,0.944232098142926,-48937.8370489739,0.953017086275762,20,16,404,332,291,267,225,4,4,4,3,2
5300,0.945395611710113,-49001.7700262385,0.939383201608903,20,16,412,326,291,272,218,4,4,4,3,2
5310,0.945170004503802,-48989.3763945184,0.948694859815187,20,15,389,315,299,283,237,5,4,4,3,2
5320,0.94421360459011,-48936.9738591738,0.942266192280775,20,16,399,340,287,272,228,4,4,4,3,2
5330,0.945405231298511,-49002.6359572747,0.945968078338057,20,16,386,339,288,276,225,4,4,4,3,2
5340,0.945563471458155,-49010.9871062087,0.945621509582515,20,16,399,348,285,266,218,5,4,4,2,2
5350,0.946168027857321,-49045.1514602729,0.951572833766188,20,15,396,344,289,286,215,5,4,4,3,2
5360,0.945603033601458,-49013.1752861105,0.942940196485497,20,15,390,359,290,289,200,5,4,4,3,2
5370,0.945038643950159,-48982.2535161426,0.947181817757075,20,16,403,352,294,280,198,4,4,4,3,2
5380,0.945164380653631,-48990.3635065391,0.945408096590082,20,15,393,335,298,281,218,5,4,4,3,2
5390,0.944953836553447,-48977.5242540202,0.947913374666226,20,16,397,320,302,280,212,5,4,4,3,2
5400,0.946267177387663,-49049.8182686842,0.948755030513068,20,16,403,322,289,281,210,4,4,4,3,2
5410,0.945804734570149,-49024.6066101282,0.942501948609036,20,17,411,330,291,268,221,4,4,3,2,2
5420,0.944575077216284,-48956.8836776865,0.941570611972201,20,17,409,328,290,267,219,4,4,3,3,2
5430,0.94563543488733,-49015.0128365877,0.944151262352249,20,16,406,365,287,277,215,4,4,4,3,2
5440,0.946342191830815,-49054.4459150042,0.943366765142934,20,15,413,342,296,275,214,5,4,4,3,2
5450,0.944275968485788,-48940.956725357,0.949343467734268,20,15,403,344,308,267,212,5,4,4,3,2
5460,0.945107875557988,-48987.3585272553,0.938910249782873,20,16,422,320,306,264,223,4,4,4,3,2
5470,0.944964427828366,-48978.1096162482,0.94196464847445,20,15,417,318,316,266,222,5,4,4,3,2
5480,0.946726764108671,-49075.1206790091,0.947321569472738,20,15,418,337,303,267,233,5,4,4,3,2
5490,0.946295512191161,-49053.0345046001,0.945774171663641,20,15,414,345,275,262,224,5,4,4,3,2
5500,0.945671615835863,-49017.0284397966,0.950166936707022,20,16,401,341,286,264,225,5,4,4,2,2
5510,0.946114078197013,-49042.3460757999,0.940749855949372,20,15,398,341,296,266,213,5,4,4,3,2
5520,0.944605977074423,-48958.5251324802,0.945555277495381,20,15,417,337,297,265,224,5,4,4,3,2
5530,0.94482710460273,-48970.8155453342,0.94951961557538,20,15,394,343,300,264,223,5,4,4,3,2
5540,0.945981084466253,-49034.5035368524,0.949868168985411,20,15,397,360,310,258,213,5,4,4,3,2
5550,0.944988432491649,-48979.7914918668,0.941442123992859,20,17,399,361,293,262,214,4,4,3,3,2
5560,0.944558514076749,-48956.4221800085,0.944205588025552,20,16,389,344,301,270,205,4,4,3,3,2
5570,0.944958786101097,-48978.8728160818,0.944730239837273,20,16,383,359,316,268,205,4,4,3,3,2
5580,0.945070352221642,-48983.905376599,0.949803638083922,20,16,396,352,310,255,209,4,4,3,3,2
5590,0.945105441438089,-48985.8374951108,0.945198864053101,20,16,372,354,308,253,209,4,4,3,3,2
5600,0.945209974158404,-48991.7849663143,0.942322515015916,20,17,378,354,298,259,213,4,4,4,3,2
5610,0.945719327245448,-49021.6876764505,0.945968760513069,20,16,376,357,304,267,208,4,4,4,3,2
5620,0.94623232443182,-49047.715174336,0.95123587875852,20,16,366,363,305,267,208,5,4,4,3,2
5630,0.945203781027974,-48991.4408486558,0.949332614779097,20,16,362,352,298,258,207,4,4,4,3,2
5640,0.944951590895522,-48979.2492280998,0.946688476466299,20,15,369,345,303,269,209,5,4,4,3,2
5650,0.945905603256408,-49029.8293827206,0.946635632136314,20,16,391,338,304,273,209,4,4,4,3,2
5660,0.945468429459019,-49008.5129954634,0.9499525944298,20,16,391,326,309,278,214,4,4,3,3,2
5670,0.944848543334526,-48971.8332287305,0.948730690897585,20,18,387,328,311,263,221,4,4,3,2,2
5680,0.945158540561086,-48989.2982840297,0.943999193946073,20,16,398,324,297,269,221,5,4,4,3,2
5690,0.944079117433653,-48930.1964399092,0.943722195050464,20,16,396,325,286,261,224,4,4,4,3,2
5700,0.944513304922049,-48953.409668203,0.955297773567589,20,17,376,342,283,267,218,4,4,3,3,2
5710,0.944856833002419,-48973.0941924438,0.946607459699835,20,16,379,340,290,264,209,4,4,4,3,2
5720,0.945236281689672,-48993.0870045512,0.938989894117575,20,16,381,339,299,266,206,4,4,4,3,2
5730,0.945384566029218,-49001.7014475371,0.95112230245546,20,16,392,347,293,259,204,4,4,4,3,2
5740,0.945361708021626,-49000.0468348724,0.944765458762459,20,16,398,340,292,272,210,4,4,4,3,2
5750,0.945393863899617,-49003.2291947496,0.946383980888174,20,17,400,328,287,282,225,4,4,3,3,2
5760,0.943852133603858,-48918.3593075415,0.953480541715306,20,16,380,327,299,279,224,4,4,4,3,2
5770,0.944307639288085,-48944.5863782724,0.942143137791421,20,16,371,313,298,273,238,4,4,3,3,2
5780,0.94493863585276,-48976.6676026602,0.932858110386704,20,16,377,320,308,284,223,4,4,4,3,2
5790,0.945301594821872,-48996.6044727723,0.94085448407922,20,16,378,321,299,285,228,4,4,3,3,2
5800,0.946632024215222,-49069.6264034244,0.949224768008901,20,16,375,327,309,285,218,4,4,4,3,2
5810,0.945548722316783,-49010.6758470936,0.947038819578595,20,16,366,321,302,291,223,4,4,4,3,2
5820,0.944940000590046,-48976.7414553735,0.943838288166694,20,17,366,323,294,285,215,4,4,3,3,2
5830,0.945313455955697,-48997.3120744534,0.951909612742044,20,16,367,331,297,286,216,4,4,4,3,2
5840,0.945452234047125,-49005.8374763744,0.948520572989845,20,16,365,326,312,285,224,4,4,4,3,2
5850,0.94444425870924,-48949.6730762822,0.938230891317072,20,16,373,315,302,267,230,4,4,4,3,2
5860,0.945492943701907,-49007.3090411455,0.942423122630491,20,17,369,322,291,275,221,4,4,4,3,2
5870,0.94588121252683,-49028.6650129907,0.940911400367779,20,16,380,335,290,274,214,4,4,3,3,2
5880,0.945616587428006,-49014.3394204499,0.945389449922922,20,17,384,329,300,280,215,4,4,3,3,2
5890,0.944442739540677,-48949.5223047743,0.942962269254999,20,16,364,336,279,278,212,4,4,4,3,2
5900,0.943985381136503,-48924.6120315592,0.952640286801991,20,16,359,344,283,268,209,4,4,4,3,2
5910,0.945097875874526,-48985.9146219264,0.943597258562016,20,16,371,345,287,274,212,4,4,4,3,2
5920,0.944182985279585,-48935.877394244,0.944507539398145,20,16,374,332,289,276,218,4,4,4,3,2
5930,0.943974932026555,-48924.4558878956,0.945021420517625,20,16,383,354,299,272,201,4,4,4,2,2
5940,0.944468317730218,-48951.9483349384,0.949008072175721,20,16,389,339,307,275,195,4,4,4,2,2
5950,0.94458629990449,-48957.4344847707,0.945656512980928,20,16,395,343,314,272,203,4,4,4,3,2
5960,0.943998301355094,-48924.9761914241,0.943168194883523,20,16,393,336,298,263,206,4,4,4,3,2
5970,0.944961287380249,-48980.0808424516,0.938311481160505,20,16,369,349,292,275,206,4,4,4,3,2
5980,0.945092339212377,-48985.3222634104,0.951563506020348,20,16,380,352,286,275,208,4,4,4,3,2
5990,0.945321514405596,-48997.7140712449,0.943268437269848,20,16,364,354,308,279,206,4,4,4,2,2
6000,0.944856689194347,-48972.6994641886,0.946915598147089,20,16,379,334,300,280,215,4,4,4,2,2
6010,0.94490141424318,-48974.6244348732,0.94626368258391,20,15,373,339,293,277,209,4,4,4,4,2
6020,0.945476524897623,-49006.3851729748,0.936379597803206,20,15,365,352,289,276,210,4,4,4,4,2
6030,0.946368173619832,-49057.3123445639,0.957928818995952,20,15,372,355,293,284,198,4,4,4,3,3
6040,0.945292042088629,-48996.0827765735,0.9456941229059,20,16,368,334,304,287,207,4,4,4,3,3
6050,0.944936873958696,-48976.6049628485,0.948127116299933,20,15,382,329,292,287,214,4,4,4,3,3
6060,0.945526813487066,-49009.2311856022,0.9509227043805,20,15,379,340,291,276,206,4,4,4,4,2
6070,0.945841283219573,-49026.2356816606,0.946798180827369,20,16,383,323,300,265,209,4,4,4,4,2
6080,0.946655776093365,-49071.1336283199,0.950636332782929,20,17,371,334,290,280,213,4,4,4,3,2
6090,0.945285690435914,-48997.046142674,0.945271132637731,20,16,375,335,292,289,208,4,4,4,3,3
6100,0.945872792137434,-49027.9828559468,0.950930459280833,20,15,383,329,290,289,220,4,4,4,3,3
6110,0.94665225921143,-49072.1254285717,0.947740118594718,20,15,369,332,294,289,210,4,4,4,4,2
6120,0.945509850937583,-49008.0873458084,0.949498839922546,20,15,373,337,280,274,215,4,4,4,4,2
6130,0.945219932701104,-48992.3091722121,0.944095392993364,20,16,380,341,281,278,207,4,4,4,4,2
6140,0.94430538292106,-48942.1824665792,0.937432414921826,20,15,395,334,305,275,205,4,4,4,4,2
6150,0.944525906279201,-48954.0010775058,0.948039789462204,20,15,403,330,303,269,218,4,4,4,4,2
6160,0.945211434905598,-48991.7590219673,0.949046881860447,20,15,409,317,307,265,207,4,4,4,4,2
6170,0.946018355108981,-49036.3281981229,0.945068071995643,20,16,399,334,310,271,197,4,4,4,2,2
6180,0.944857586328499,-48972.3108181103,0.945968647211546,20,16,390,330,296,279,211,4,4,4,3,2
6190,0.943998010384872,-48925.4040037313,0.941901411931264,20,15,381,338,288,285,221,4,4,4,3,3
6200,0.945684395238085,-49017.7688600584,0.946211224420987,20,15,383,342,288,283,234,4,4,4,3,3
6210,0.94629814660085,-49051.353094212,0.943017190056143,20,15,413,323,292,268,235,4,4,4,4,2
6220,0.94489716970265,-48974.603683558,0.944371556243844,20,15,390,321,292,268,240,4,4,4,4,2
6230,0.9457812861168,-49023.2076789098,0.948294014513513,20,16,385,333,297,267,234,4,4,4,3,2
6240,0.945540792190133,-49009.7446035225,0.934494116081776,20,15,377,329,290,274,225,4,4,4,4,2
6250,0.944818281178745,-48971.0146965492,0.944439954645257,20,16,368,327,298,280,229,4,4,4,4,2
6260,0.944518967126537,-48953.9902406959,0.940820941204643,20,15,380,330,298,262,234,4,4,4,4,2
6270,0.943804562451163,-48914.3904878766,0.943107801590279,20,16,392,329,295,263,235,4,4,4,3,2
6280,0.944301503880444,-48941.7774450985,0.944793290979847,20,16,376,343,295,253,242,4,4,4,3,3
6290,0.945223487744582,-48992.315095314,0.941728744522696,20,16,383,345,294,255,233,4,4,4,2,2
6300,0.945008080934381,-48980.8353727362,0.956124945851004,20,15,390,355,297,255,222,4,4,4,4,2
6310,0.945364431766863,-49000.63934181,0.944778170046635,20,15,392,346,294,253,228,4,4,4,4,2
6320,0.946182455602696,-49046.0067556268,0.946442674390756,20,15,386,348,298,265,222,4,4,4,4,2
6330,0.946015218618795,-49035.9815863281,0.947074302980923,20,15,393,346,299,257,216,4,4,4,4,2
6340,0.945000869573018,-48980.3215171988,0.942270666088383,20,15,400,330,298,253,219,4,4,4,4,2
6350,0.946183319162146,-49045.4399559317,0.947966970081148,20,15,404,330,310,268,205,4,4,4,4,2
6360,0.945169997879277,-48989.3845119126,0.940983345342609,20,15,387,343,300,269,200,4,4,4,4,2
6370,0.945854566078805,-49027.407313579,0.953684665180719,20,16,387,334,292,276,211,4,4,4,3,2
6380,0.945148413392339,-48988.6050086608,0.939965495697154,20,15,386,339,294,271,212,4,4,4,4,2
6390,0.945164536424483,-48989.6435610307,0.942984758025583,20,16,384,352,303,268,212,4,4,4,4,2
6400,0.94471776444265,-48964.5309371162,0.942203480860229,20,15,394,340,303,267,196,4,4,4,4,2
6410,0.945049176720065,-48983.9233735591,0.945809905490512,20,15,371,351,299,271,198,4,4,4,3,3
6420,0.944268273040074,-48941.348289234,0.938667775601823,20,15,363,342,310,275,207,4,4,4,3,3
6430,0.946297028276099,-49051.9544059878,0.947389928172843,20,15,376,349,303,274,203,4,4,4,3,3
6440,0.945320319534139,-48999.7933276226,0.953445558040025,20,15,387,353,299,282,211,4,4,4,3,3
6450,0.945688965572179,-49017.8787494433,0.94701279918516,20,16,373,348,300,284,214,4,4,4,3,3
6460,0.945400674729325,-49002.5913053934,0.947081914360679,20,16,390,354,289,279,214,4,4,4,3,3
6470,0.944787436090333,-48968.4125592856,0.944894870609421,20,15,403,331,296,263,214,4,4,4,4,2
6480,0.94534023179603,-48998.801421051,0.942791834982484,20,15,383,326,293,269,232,4,4,4,4,2
6490,0.945446967548245,-49004.633591527,0.95283136450615,20,15,380,328,296,270,223,4,4,4,4,2
6500,0.945366685740484,-49000.4668754564,0.942091537027029,20,15,397,340,297,275,209,4,4,4,4,2
6510,0.945117517090402,-48986.5171901769,0.951925934832819,20,15,400,322,305,282,212,4,4,4,4,2
6520,0.945959529980292,-49032.9205876354,0.949845660973469,20,16,392,329,301,286,222,4,4,4,4,2
6530,0.945976022467539,-49034.013924159,0.95456029637734,20,15,394,333,302,286,220,4,4,4,4,2
6540,0.945034325829879,-48981.9663700372,0.938807406649574,20,16,395,330,301,276,233,4,4,4,4,2
6550,0.945297994043384,-48996.8433516936,0.94837172741245,20,15,404,327,308,266,225,4,4,4,4,2
6560,0.945375331748193,-49000.7623532528,0.952404918587985,20,15,405,329,319,268,226,4,4,4,4,2
6570,0.945091515746172,-48985.2846087355,0.945785895980087,20,15,404,334,296,261,236,4,4,4,4,2
6580,0.945643583093383,-49015.6929771968,0.950151599650151,20,17,388,346,296,276,233,4,4,3,3,2
6590,0.945196400598089,-48991.8873829623,0.95042595096528,20,17,388,355,300,271,222,4,4,3,3,2
6600,0.944700191264217,-48963.834212268,0.944591211953612,20,16,395,341,288,269,222,4,4,4,3,2
6610,0.94595364621619,-49033.1302597294,0.946473136946698,20,15,388,348,290,279,226,4,4,4,4,2
6620,0.945342991909529,-49001.1003959497,0.947120679649176,20,15,389,345,293,280,218,4,4,4,4,2
6630,0.944747076448985,-48966.1760344728,0.94493496940449,20,15,360,346,285,277,225,4,4,4,4,2
6640,0.944241556676546,-48938.3555535015,0.937506154125998,20,15,369,346,298,268,213,4,4,4,4,2
6650,0.945880230478678,-49028.7869314113,0.946823482118199,20,15,365,348,299,272,214,4,4,4,4,2
6660,0.944504833824626,-48952.9300165039,0.946749948675977,20,15,370,335,295,270,217,4,4,4,4,2
6670,0.944924395902573,-48975.9192132625,0.947238936190963,20,16,371,355,299,270,213,4,4,4,3,2
6680,0.945122013014294,-48986.9945513986,0.951859931277604,20,16,374,347,303,273,212,4,4,4,3,2
6690,0.945367874993458,-49000.5520065605,0.946892787256522,20,15,375,358,300,269,213,4,4,4,4,2
6700,0.944526976735712,-48954.0938043708,0.944921576382425,20,16,372,355,305,273,206,4,4,4,4,2
6710,0.945244571776214,-48993.5049362148,0.940588316772054,20,15,378,350,300,273,211,4,4,4,4,2
6720,0.945511662923495,-49008.6976119365,0.940643549016032,20,15,388,343,290,263,216,4,4,4,3,3
6730,0.945753491283342,-49021.7240548684,0.940815795758634,20,15,398,341,296,261,209,4,4,4,3,3
6740,0.945266638775952,-48994.6950924953,0.94732663224831,20,16,391,335,298,269,226,4,4,3,3,3
6750,0.944943508830927,-48977.1991710085,0.945853282336535,20,15,385,333,306,278,212,4,4,4,3,3
6760,0.943494868101442,-48897.6368940761,0.942119621787369,20,15,381,321,315,266,225,4,4,4,3,3
6770,0.945182365736687,-48990.0553647005,0.94089842633197,20,17,397,340,318,263,217,4,4,4,3,2
6780,0.944721118041513,-48964.8071801874,0.947836092183387,20,15,402,327,307,261,212,4,4,4,3,3
6790,0.945227127563513,-48992.659835806,0.946191124386978,20,16,408,326,293,271,221,4,4,3,3,2
6800,0.945157538909118,-48988.7421630826,0.947700020425303,20,15,402,329,292,279,212,4,4,4,3,3
6810,0.945431687170472,-49004.8503246161,0.939414334591713,20,15,400,352,297,274,203,4,4,4,4,2
6820,0.944860422097935,-48974.5308917659,0.941679407840754,20,16,388,346,303,289,199,4,4,4,3,2
6830,0.944784962855409,-48968.2570301868,0.942645451789616,20,15,393,354,288,283,203,4,4,4,4,2
6840,0.944782457428683,-48968.0852887018,0.949192101689902,20,16,413,351,291,273,207,4,4,4,2,2
6850,0.945182984565021,-48990.0890676198,0.938295634385714,20,15,422,345,308,273,201,4,4,4,4,2
6860,0.945748631450851,-49021.1848840892,0.949719719024856,20,15,396,355,301,279,202,4,4,4,4,2
6870,0.944668198271549,-48962.1245166273,0.946545733663114,20,15,375,359,305,270,206,4,4,4,4,2
6880,0.944445277633498,-48949.8714884106,0.939241475809966,20,16,401,349,301,267,214,4,4,4,4,2
6890,0.945422384442932,-49005.4715850546,0.941873442423892,20,15,406,332,293,258,214,4,4,4,4,2
6900,0.944615752895164,-48959.6567308946,0.952564274640526,20,15,409,328,296,256,217,4,4,4,4,2
6910,0.94467263498814,-48962.5033682967,0.944495076528578,20,16,412,331,294,274,213,4,4,4,3,2
6920,0.944862164686938,-48972.4986717826,0.945719394458909,20,16,411,338,304,271,210,4,4,4,4,2
6930,0.944265268768443,-48942.2298414378,0.948654984130483,20,16,395,356,309,270,204,4,4,4,2,2
6940,0.944484689346736,-48952.0086982111,0.944399746059531,20,16,393,349,323,261,203,4,4,4,4,2
6950,0.945270699220135,-48995.4495361631,0.947910575821765,20,15,409,360,311,254,206,4,4,4,4,2
6960,0.945515017701636,-49008.3907291201,0.941818667976679,20,15,416,345,299,262,226,4,4,4,4,2
6970,0.945244039929215,-48993.5559789051,0.942972490880658,20,16,427,344,299,259,222,4,4,4,3,3
6980,0.94469467220558,-48963.5031171181,0.943000667445917,20,15,416,361,292,260,220,4,4,4,4,2
6990,0.945235177340915,-48993.0892516207,0.939826124593243,20,15,397,344,294,276,220,4,4,4,4,2
7000,0.943913479443335,-48920.825779967,0.939903460143568,20,16,401,347,304,273,212,4,4,4,4,2
7010,0.945967734086156,-49033.1764386174,0.942150342330671,20,15,398,364,277,266,217,4,4,4,4,2
7020,0.945633124865165,-49015.1637789576,0.944132956653452,20,16,396,369,279,267,208,4,4,4,2,2
7030,0.946079416476891,-49040.5434778405,0.939423209381022,20,15,385,376,285,266,209,4,4,4,4,2
7040,0.945447406493759,-49005.2141058088,0.942010377792941,20,15,400,360,297,269,205,4,4,4,4,2
7050,0.946197254539883,-49046.731311199,0.94526320122113,20,15,396,340,283,264,219,4,4,4,4,2
7060,0.945661674221895,-49016.3804214134,0.947021628257011,20,15,406,327,300,259,222,4,4,4,4,2
7070,0.944329079043074,-48944.2452059233,0.945454779421792,20,15,397,333,302,261,212,4,4,4,4,2
7080,0.944339335476216,-48943.8696990334,0.94602204223944,20,15,391,340,307,271,213,4,4,4,4,2
7090,0.945013471925472,-48980.7862691189,0.945368538860379,20,15,401,349,298,257,215,4,4,4,4,2
7100,0.946367948043442,-49056.3231754799,0.943187206983021,20,15,383,353,304,273,219,4,4,4,4,2
7110,0.947021504633139,-49091.3200533887,0.956914766063528,20,16,366,362,300,278,214,4,4,4,4,2
7120,0.945845007927298,-49026.4457364353,0.944167566120827,20,15,383,354,290,266,222,4,4,4,4,2
7130,0.944430987017348,-48950.0641123375,0.955976577046924,20,15,379,347,294,260,226,4,4,4,4,2
7140,0.946058996719318,-49038.5254135043,0.945887560259228,20,15,394,340,296,263,228,4,4,4,4,2
7150,0.945852596777515,-49026.8604926522,0.938625788602629,20,15,398,328,292,262,236,4,4,4,4,2
7160,0.945213089094652,-48992.0593755628,0.948969107683836,20,15,377,331,300,275,228,4,4,4,4,2
7170,0.946186281373273,-49045.1895917788,0.945902493141616,20,15,389,325,298,265,244,4,4,4,4,2
7180,0.945332432045764,-48998.2996165611,0.941320871793426,20,15,381,344,300,268,231,4,4,4,4,2
7190,0.944485307854586,-48952.0702672632,0.940304610557972,20,15,391,345,288,261,231,4,4,4,4,2
7200,0.94551163333737,-49008.3425235657,0.945480863461035,20,15,400,334,292,253,225,4,4,4,4,2
7210,0.944973004420755,-48979.6439423772,0.95357305468634,20,16,401,325,288,266,231,4,4,4,4,2
7220,0.945095810292301,-48986.7677916496,0.948140058891144,20,15,384,345,297,271,208,4,4,4,4,2
7230,0.944871069671464,-48973.1966608652,0.942338594385908,20,16,389,345,292,264,215,4,4,4,3,2
7240,0.945453928274461,-49004.9776130789,0.946539048453795,20,15,378,356,293,289,224,4,4,4,4,2
7250,0.945835905028872,-49026.0219319767,0.938664900293862,20,15,383,345,299,285,219,4,4,4,4,2
7260,0.944967094063515,-48978.898428176,0.941714777672516,20,15,382,347,290,265,209,4,4,4,4,2
7270,0.944449410561985,-48950.5594157901,0.942781272470096,20,15,367,351,276,272,223,4,4,4,4,2
7280,0.945360043240386,-49000.2770107082,0.949725090169696,20,15,380,331,283,269,226,4,4,4,4,2
7290,0.945313083451493,-48997.3239947399,0.937381810763567,20,15,381,344,273,270,224,4,4,4,4,2
7300,0.944874451584962,-48974.2502980495,0.944880935192287,20,15,378,336,290,287,225,4,4,4,4,2
7310,0.945079219478148,-48985.8227802719,0.944756157620489,20,15,377,339,290,278,221,4,4,4,4,2
7320,0.944954039076461,-48978.066172902,0.94558653252947,20,15,390,317,298,269,221,4,4,4,4,2
7330,0.944200870589538,-48936.1154734954,0.936009915962505,20,15,389,329,295,268,219,4,4,4,4,2
7340,0.945594728166265,-49013.109129026,0.947979203630564,20,15,403,324,297,259,226,4,4,4,4,2
7350,0.945846017623525,-49026.5188151223,0.945597404924662,20,15,398,327,289,275,231,4,4,4,4,2
7360,0.944681868666253,-48962.5947523478,0.940807466542808,20,15,391,339,292,277,227,4,4,4,3,3
7370,0.94477143912622,-48969.6959985075,0.940664446684554,20,16,398,328,302,274,222,4,4,4,2,2
7380,0.945407000431472,-49002.6162247417,0.942687619804162,20,15,395,319,300,267,236,4,4,4,4,2
7390,0.945553903221439,-49011.0332333744,0.948079589022761,20,15,396,316,308,258,222,4,4,4,4,2
7400,0.945032930419911,-48982.5544250721,0.949321045253116,20,15,372,337,307,270,225,4,4,4,4,2
7410,0.9458768535316,-49028.8009780055,0.947431319742291,20,16,397,317,297,278,226,4,4,4,4,2
7420,0.944901376831241,-48974.6188479954,0.943139706528976,20,16,397,337,290,272,226,4,4,4,4,2
7430,0.94504226516055,-48982.3679105751,0.94428713717385,20,15,396,340,274,259,226,4,4,4,4,2
7440,0.944762920972156,-48967.2086462692,0.952927864758908,20,16,390,338,278,259,235,4,4,4,4,2
7450,0.944284423344402,-48940.7809308147,0.94763264860426,20,16,376,339,288,262,234,4,4,4,3,2
7460,0.944477674179986,-48951.4562429157,0.942749799824634,20,17,373,333,285,252,238,4,4,4,3,2
7470,0.944741768822511,-48965.8625810447,0.952911524567749,20,16,378,337,300,258,228,4,4,4,3,2
7480,0.945434347814819,-49004.7027957204,0.941016420479814,20,16,380,326,298,253,222,4,4,4,3,2
7490,0.945985045284934,-49035.5191155586,0.94422303947935,20,16,375,326,301,261,230,4,4,4,3,2
7500,0.945612741865154,-49013.7110814468,0.941785147729982,20,16,371,329,313,260,227,4,4,4,3,2
7510,0.944298578081634,-48941.5377441997,0.941752316409988,20,16,359,337,293,271,226,4,4,4,3,2
7520,0.94490748604705,-48975.7406440962,0.94232412287339,20,15,394,336,269,254,226,4,4,4,4,2
7530,0.944447128844855,-48951.7429588627,0.943008254588843,20,15,374,344,280,277,221,4,4,4,4,2
7540,0.94464192360268,-48960.7737333081,0.945431896007024,20,16,390,345,295,272,235,4,4,4,3,2
7550,0.945448158899482,-49004.7356721348,0.940437301654656,20,15,385,333,294,265,233,4,4,4,4,2
7560,0.944202011517847,-48938.8081312083,0.944343376532295,20,15,404,337,293,263,226,4,4,4,4,2
7570,0.94445203772117,-48950.3527975774,0.947561730298123,20,15,420,316,307,254,233,4,4,4,3,3
7580,0.94503968733702,-48982.4452196915,0.946013931474449,20,15,404,321,302,263,239,4,4,4,3,3
7590,0.943873629655353,-48918.1242181562,0.942174362461384,20,15,396,323,302,270,225,4,4,4,4,2
7600,0.944528792841231,-48954.3175454366,0.944475451551067,20,15,391,323,304,276,230,4,4,4,4,2
7610,0.944199699538143,-48936.202014309,0.936850313602723,20,16,390,348,285,279,220,4,4,4,3,2
7620,0.945756776441748,-49021.5976511993,0.94375327814767,20,15,381,368,293,271,216,4,4,4,4,2
7630,0.94568501529847,-49017.657254366,0.945451625156155,20,15,407,323,300,282,227,4,4,4,4,2
7640,0.945902551161929,-49029.6736926092,0.949289414481685,20,15,399,336,303,277,212,4,4,4,4,2
7650,0.944895909198332,-48975.4249078936,0.941168650648558,20,15,395,326,301,275,229,4,4,4,3,3
7660,0.944885241825469,-48973.7963563064,0.941421827209365,20,16,406,328,302,268,223,4,4,4,3,3
7670,0.945362679656519,-49000.2950514581,0.941524620257748,20,15,410,327,297,263,230,4,4,4,3,3
7680,0.945077935870571,-48984.325906593,0.948059178319262,20,15,408,345,295,261,224,4,4,4,4,2
7690,0.945135985839848,-48987.6065194263,0.944224408794533,20,16,402,332,307,262,238,4,4,4,4,2
7700,0.945183810194489,-48990.139061612,0.939907216554548,20,15,394,333,308,260,240,4,4,4,4,2
7710,0.944603319326685,-48958.3541793079,0.949078271081885,20,16,392,334,304,272,230,4,4,4,4,2
7720,0.945757049558475,-49021.9008476549,0.947928559011037,20,15,393,338,302,272,219,4,4,4,4,2
7730,0.944324258211379,-48944.3863346784,0.942994191417311,20,15,393,325,313,279,218,4,4,4,4,2
7740,0.944746807133911,-48966.2404047718,0.938286175625234,20,15,392,330,304,287,218,4,4,4,4,2
7750,0.945130679357323,-48987.3130787282,0.938830725261055,20,15,394,331,288,275,230,4,4,4,4,2
7760,0.945233995270356,-48992.9099184626,0.946998418942018,20,15,385,339,299,261,220,4,4,4,4,2
7770,0.94492270190868,-48975.8280869738,0.943367308308253,20,15,371,349,293,272,215,4,4,4,4,2
7780,0.945098872112037,-48985.4731149529,0.948870890757778,20,15,384,340,288,263,222,4,4,4,4,2
7790,0.944925117008979,-48976.2841657221,0.94878005055741,20,16,387,354,295,266,224,4,4,4,4,2
7800,0.945905737361821,-49030.4577912765,0.948318560423787,20,15,400,337,289,263,220,4,4,4,4,2
7810,0.945357546712184,-48999.9305558988,0.94691771494933,20,15,390,344,290,262,205,4,4,4,4,2
7820,0.944391717080178,-48946.6428325239,0.937273781814261,20,15,396,345,284,263,204,4,4,4,4,2
7830,0.945224112226295,-48993.0170046338,0.947831569576147,20,15,405,328,285,267,213,4,4,4,4,2
7840,0.944626804868529,-48959.6624250711,0.944603477952003,20,15,395,338,292,265,210,4,4,4,4,2
7850,0.944427610273088,-48949.7595964785,0.95186395656725,20,15,402,329,295,271,218,4,4,4,4,2
7860,0.944853044035347,-48973.371128214,0.942149754445483,20,15,409,333,298,269,220,4,4,4,4,2
7870,0.945751810921781,-49026.3156940031,0.942558854791745,20,16,391,338,297,268,219,4,4,4,3,2
7880,0.945449325448247,-49004.7343730699,0.942147846082024,20,16,413,330,289,259,215,4,4,4,3,2
7890,0.944242329046412,-48940.6654250783,0.948120347792625,20,16,386,348,277,255,217,4,4,4,2,2
7900,0.945091149955309,-48985.9588875106,0.939393784649775,20,15,398,339,279,258,205,4,4,4,4,2
7910,0.945319923125454,-48997.782218826,0.940020180272305,20,15,400,342,280,254,207,4,4,4,3,3
7920,0.94490124560412,-48976.3956025415,0.939266633410955,20,15,408,366,294,262,193,4,4,4,4,2
7930,0.945352028738856,-48999.8717210819,0.938408763866864,20,15,399,355,297,255,196,4,4,4,4,2
7940,0.945172762734918,-48989.7714626706,0.94033449983984,20,15,388,356,302,259,204,4,4,4,4,2
7950,0.944374917488128,-48946.0530922731,0.946213931252733,20,16,382,362,303,264,213,4,4,4,4,2
7960,0.945083887053377,-48984.708155515,0.944087239006356,20,15,379,362,301,260,211,4,4,4,4,2
7970,0.944867596612672,-48973.9153687406,0.936153550949486,20,15,384,362,289,258,209,4,4,4,4,2
7980,0.944915314798334,-48975.734887284,0.950000951807217,20,15,398,352,291,276,206,4,4,4,4,2
7990,0.94628132184807,-49051.4439662454,0.955054258570555,20,16,422,345,301,262,210,4,4,4,4,2
8000,0.944761533935242,-48967.4794562106,0.946018024045557,20,15,393,365,307,249,212,4,4,4,4,2
8010,0.944745697076578,-48966.422952472,0.940062252595469,20,15,398,356,300,244,211,4,4,4,4,2
8020,0.94517547878683,-48990.0899641919,0.951800491470254,20,16,393,352,293,248,219,4,4,4,4,2
8030,0.944683989871087,-48963.1557806428,0.947319736983937,20,16,391,371,286,250,222,4,4,4,3,2
8040,0.945027370526836,-48981.6078944819,0.944278115834401,20,15,380,372,301,254,210,4,4,4,4,2
8050,0.944753369112521,-48967.2562541159,0.942007024618199,20,15,385,370,297,261,215,4,4,4,4,2
8060,0.945015752101695,-48980.9361887481,0.952989323346303,20,17,392,360,300,258,206,4,4,3,2,2
8070,0.945858663913653,-49029.4781867776,0.944387648654913,20,17,384,342,304,272,204,4,4,3,2,2
8080,0.945194433801568,-48990.9562582322,0.946052542286744,20,16,400,330,319,263,201,4,4,4,3,2
8090,0.946137961151987,-49043.9095088519,0.948107275235727,20,16,400,338,327,272,207,4,4,3,3,2
8100,0.944496516811213,-48954.9579795611,0.944160030381915,20,16,414,333,305,260,224,4,4,3,3,2
8110,0.94432686930892,-48943.1285229507,0.939707686995404,20,16,397,353,298,260,223,4,4,3,3,2
8120,0.945008310825351,-48980.607134803,0.950055280292221,20,16,405,338,304,270,220,4,4,4,3,3
8130,0.945158811351589,-48988.7633639369,0.944214602372329,20,17,401,342,307,272,228,4,4,3,3,3
8140,0.945225497559307,-48992.4285180042,0.946351753238416,20,17,401,327,296,261,227,4,4,3,3,3
8150,0.946032038543469,-49036.8831030204,0.950240766325822,20,16,404,325,305,260,231,4,4,4,3,3
8160,0.945915313159966,-49030.7148541827,0.948646995087251,20,18,395,359,297,261,208,4,4,3,3,3
8170,0.946552843149624,-49065.4638419265,0.950324804010819,20,16,395,364,303,260,199,4,4,4,3,3
8180,0.945485995483185,-49006.7332254049,0.945248222483117,20,16,388,344,299,269,204,4,4,4,3,3
8190,0.94472909047178,-48965.1830683951,0.945601778417814,20,17,396,353,271,255,213,4,4,3,3,3
8200,0.944390784065305,-48946.7333980054,0.940511242799455,20,17,369,353,282,267,224,4,4,3,3,2
8210,0.94461529770414,-48963.0217468224,0.950120626093714,20,17,381,333,287,266,222,4,4,3,3,2
8220,0.945344380331888,-48999.0532233734,0.954490847231453,20,17,400,323,289,273,221,4,4,3,3,2
8230,0.94524949500212,-48994.6282086031,0.948454780140251,20,17,401,350,290,268,216,4,4,3,3,2
8240,0.944969125246517,-48978.9893624904,0.941406468817254,20,16,410,350,306,266,211,4,4,3,3,2
8250,0.944147467878101,-48933.311395777,0.940575713086448,20,17,393,342,309,277,204,4,4,3,3,3
8260,0.944783241069991,-48968.1771139032,0.936288017019159,20,17,389,353,299,260,201,4,4,3,3,3
8270,0.945150751687592,-48988.668900955,0.951177598289918,20,17,404,357,296,253,205,4,4,3,3,3
8280,0.944415862983111,-48949.6720266864,0.944444753978952,20,16,412,343,305,254,214,4,4,4,3,3
8290,0.94439156155493,-48946.8839107245,0.945137788148723,20,16,397,348,298,263,221,4,4,4,3,3
8300,0.944851913485534,-48972.8822026189,0.943649469776666,20,16,377,339,307,275,219,4,4,4,3,3
8310,0.944520239970368,-48953.6784974634,0.953437995090444,20,16,387,340,291,282,219,4,4,4,3,3
8320,0.945858110215377,-49028.9437647521,0.941108478954769,20,16,394,340,302,275,220,4,4,4,3,3
8330,0.945208292719158,-48992.0465183897,0.942561509973308,20,17,383,339,299,274,229,4,4,3,3,3
8340,0.944385741887634,-48946.3040201127,0.947958949818317,20,16,391,327,303,266,222,4,4,4,3,3
8350,0.944855081023728,-48972.1194366653,0.941089043003329,20,17,385,330,299,275,223,4,4,3,3,3
8360,0.944065170323422,-48929.4584466402,0.949953820307473,20,17,377,323,307,280,232,4,4,3,3,3
8370,0.945154517516422,-48988.762462013,0.947618873681401,20,16,373,317,315,274,250,4,4,4,3,3
8380,0.945276888350305,-48995.4359421505,0.950295518116055,20,15,393,322,317,264,236,4,4,4,3,3
8390,0.944769837674131,-48968.7828792775,0.946485245181829,20,16,400,324,310,259,226,4,4,4,3,3
8400,0.945271908666578,-48994.9741784032,0.942670802873435,20,16,387,324,300,280,244,4,4,4,3,3
8410,0.94576160232815,-49021.8958911945,0.942664644998768,20,15,385,327,307,276,231,4,4,4,3,3
8420,0.945525043243647,-49008.8792990851,0.943233678970731,20,16,392,337,311,276,216,4,4,4,3,3
8430,0.945362663265057,-49000.1984190446,0.951442692203026,20,16,390,334,310,279,228,4,4,4,3,3
8440,0.945175467616637,-48990.3987868882,0.948170409521702,20,18,390,338,304,287,220,4,4,3,3,3
8450,0.945839189858407,-49027.5091826858,0.950736219938646,20,18,411,355,291,282,221,4,4,3,3,3
8460,0.944440463494009,-48949.9639195412,0.944696819156927,20,18,399,352,291,284,220,4,4,3,3,3
8470,0.945390987221258,-49001.5949007776,0.950572834624311,20,17,408,335,286,272,227,4,4,3,3,3
8480,0.94572308744563,-49020.0635492697,0.949280240748014,20,16,392,335,288,276,238,4,4,4,3,3
8490,0.944598337690766,-48958.370113375,0.941105066283386,20,17,395,323,296,268,238,4,4,3,3,3
8500,0.944472078862898,-48951.622462061,0.944119851872927,20,16,388,314,310,263,245,4,4,4,3,3
8510,0.944946898345154,-48977.3295174384,0.938443840813057,20,17,393,324,294,278,246,4,4,4,3,3
8520,0.944683602686448,-48963.8611869454,0.941694818708563,20,16,405,329,297,266,243,4,4,4,3,3
8530,0.94526158434823,-48994.7330182409,0.93892243755668,20,16,407,308,299,272,245,4,4,4,3,3
8540,0.945466379753539,-49005.7524920247,0.949455679487093,20,16,411,327,312,269,233,4,4,4,3,3
8550,0.946353463106606,-49054.3467372717,0.954982665860089,20,16,397,321,313,278,236,4,4,4,3,3
8560,0.944975189421947,-48978.9352912892,0.947686248922984,20,17,392,327,298,266,239,4,4,4,3,2
8570,0.945531526111154,-49009.8534567549,0.949855024856507,20,15,390,320,296,283,247,4,4,4,3,3
8580,0.944955550022089,-48977.8606616039,0.943033450890899,20,16,407,311,291,269,242,4,4,4,3,3
8590,0.945513902506638,-49008.5539727105,0.948581268868767,20,16,403,328,300,278,237,4,4,4,3,3
8600,0.946225302733936,-49048.5757119633,0.94362406581827,20,16,396,332,302,286,236,4,4,4,3,3
8610,0.945311908266812,-48997.1725486892,0.944650265014785,20,16,399,345,302,271,228,4,4,3,3,2
8620,0.944710897448987,-48964.325602357,0.948922178417758,20,16,403,320,295,270,245,4,4,3,3,2
8630,0.945223472991032,-48993.360343592,0.945323305361846,20,17,406,327,295,261,238,4,4,3,2,2
8640,0.944822493411426,-48970.3747786617,0.944670790051414,20,17,406,317,296,265,233,4,4,3,3,2
8650,0.944441024297368,-48949.7269157575,0.9499631557348,20,17,406,331,293,271,231,4,4,3,3,2
8660,0.944379997233065,-48946.0392629063,0.945374926043777,20,17,401,344,290,267,229,4,4,3,3,2
8670,0.944637549066937,-48960.3494465408,0.94083172394773,20,16,398,338,297,262,230,4,4,4,3,3
8680,0.944802344417933,-48969.4336637817,0.94462322668099,20,16,395,346,300,272,227,4,4,4,3,3
8690,0.945803118287758,-49024.2395091968,0.9411443613459,20,16,403,343,298,264,225,4,4,4,3,3
8700,0.945021479463405,-48981.3167118674,0.944301011690275,20,17,400,324,299,256,246,4,4,3,3,3
8710,0.944842461057519,-48971.5369861073,0.945839757364013,20,17,406,332,293,276,241,4,4,3,3,3
8720,0.944665172408816,-48963.3854372786,0.940594252446943,20,16,397,327,298,283,245,4,4,4,3,3
8730,0.944981407457856,-48979.82350694,0.939613257086476,20,16,402,321,305,278,239,4,4,4,3,3
8740,0.94513366222444,-48988.8411541074,0.939393102769973,20,16,417,336,298,268,222,4,4,4,3,3
8750,0.945100915244111,-48985.6533378418,0.941442814781949,20,17,408,347,302,273,233,4,4,3,3,2
8760,0.945406517468125,-49003.9693231209,0.951105130936797,20,17,397,353,297,258,231,4,4,3,3,2
8770,0.945854504547231,-49029.956271606,0.945005524373792,20,17,397,354,306,253,226,4,4,3,3,3
8780,0.944546208654191,-48956.0362948562,0.942642270881912,20,16,411,345,306,240,222,4,4,3,3,3
8790,0.944087314389448,-48930.3886033434,0.945108279792408,20,17,388,333,317,263,221,4,4,3,3,3
8800,0.943269409969184,-48885.4081913903,0.939390557823405,20,16,379,335,313,267,216,4,4,4,3,3
8810,0.944883296219751,-48974.728175792,0.94573806767751,20,17,386,320,292,265,222,4,4,3,3,3
8820,0.944257679532278,-48939.3304895491,0.943001559736349,20,16,390,337,290,263,219,4,4,4,3,3
8830,0.946226205043475,-49047.4042609924,0.939375325243709,20,17,403,327,302,267,219,4,4,3,3,3
8840,0.945319740406115,-48997.8999235831,0.944920922156544,20,17,399,337,302,258,225,4,4,3,3,3
8850,0.944763494363642,-48967.4772110441,0.954310556152764,20,17,386,337,308,277,241,4,4,3,3,3
8860,0.945093547336569,-48986.1759584632,0.946204044690583,20,17,396,335,305,256,229,4,4,3,3,3
8870,0.944002188452572,-48925.2319449318,0.947475226589351,20,17,384,334,297,275,228,4,4,3,3,3
8880,0.945174844799946,-48989.696535857,0.940546319864802,20,16,366,334,298,287,221,4,4,3,3,3
8890,0.945383316199018,-49002.3109563472,0.941918969348485,20,16,367,355,301,278,218,4,4,3,3,3
8900,0.944372646961197,-48946.6767746781,0.949735128521428,20,16,386,335,303,280,218,4,4,3,3,3
8910,0.944338888307115,-48943.9540535355,0.943565380995752,20,16,401,331,306,270,227,4,4,3,3,3
8920,0.945374356911656,-49001.1990409448,0.947794023257099,20,16,410,324,303,273,227,4,4,3,3,3
8930,0.94435919094236,-48945.2149137641,0.946697310346258,20,16,420,339,293,262,223,4,4,3,3,3
8940,0.946499703571443,-49062.391425797,0.944738610101312,20,16,422,345,293,267,228,4,4,3,3,3
8950,0.945755823337319,-49021.9295180097,0.95217667838951,20,16,402,345,299,281,228,4,4,3,3,3
8960,0.944696737069006,-48963.5696650418,0.936800249085695,20,16,409,340,287,273,232,4,4,3,3,3
8970,0.944792279548198,-48968.8118373226,0.944198455923574,20,17,404,331,290,271,228,4,4,3,3,2
8980,0.944915391561629,-48976.9039015274,0.944389499054845,20,16,410,343,295,280,209,4,4,3,3,3
8990,0.944773690461385,-48968.1056358872,0.946832979678988,20,16,401,347,298,271,222,4,4,3,3,3
9000,0.945336428710691,-48998.8065525872,0.945630506363922,20,16,391,336,296,278,221,4,4,3,3,3
9010,0.944803148351001,-48969.2922144961,0.943831289097491,20,16,392,339,314,284,211,4,4,3,3,3
9020,0.945715449429408,-49019.9479713842,0.946456745684019,20,16,402,340,318,296,215,4,4,3,3,3
9030,0.945211619350672,-48991.7258759976,0.949352352406267,20,16,400,337,307,283,228,4,4,3,3,3
9040,0.945223811223323,-48992.3334365491,0.949089157761496,20,16,410,333,292,291,220,4,4,3,3,3
9050,0.94432588818156,-48943.1169252568,0.944917821633215,20,16,407,325,288,279,243,4,4,3,3,3
9060,0.944579210181472,-48956.928229993,0.939863650426679,20,16,408,326,296,268,238,4,4,3,3,3
9070,0.944306837190401,-48942.1194192025,0.940773755446681,20,16,428,319,303,263,228,4,4,3,3,3
9080,0.944876521957022,-48974.3041779532,0.946457896095476,20,16,426,312,301,277,233,4,4,3,3,3
9090,0.94573032797868,-49020.3090315778,0.939945799701005,20,16,438,316,291,266,247,4,4,3,3,3
9100,0.944968464951947,-48978.3461289918,0.950674933945177,20,16,432,315,306,269,244,4,4,3,3,3
9110,0.945077475238856,-48984.6303049099,0.944397180107959,20,16,417,310,299,273,250,4,4,3,3,3
9120,0.944533685885729,-48955.1820163667,0.94508096862317,20,16,401,320,288,260,247,4,4,3,3,3
9130,0.945460971396674,-49006.0201590307,0.935265139178267,20,16,411,333,295,261,246,4,4,3,3,3
9140,0.945134718606238,-48988.40353551,0.946809952864735,20,16,408,333,305,265,231,4,4,3,3,3
9150,0.944667771983083,-48961.7835810532,0.949889531648762,20,16,405,327,297,265,235,4,4,3,3,3
9160,0.945211452013885,-48994.0930257195,0.946650587398898,20,16,406,324,287,276,243,4,4,3,3,3
9170,0.944848408141366,-48971.7741783267,0.945924987200416,20,16,399,317,301,278,240,4,4,3,3,3
9180,0.944435195069907,-48950.7801204788,0.945690074356642,20,16,403,318,312,273,228,4,4,3,3,3
9190,0.944760224161042,-48968.8735452305,0.947179335871394,20,16,407,309,309,264,226,4,4,3,3,3
9200,0.945263738222374,-48994.5335110398,0.942938859077443,20,16,394,308,302,268,233,4,4,3,3,3
9210,0.946053203732903,-49037.9242137787,0.9490716456522,20,16,374,326,313,270,233,4,4,3,3,3
9220,0.944869248668822,-48972.8686017882,0.9429315948575,20,16,381,320,299,286,226,4,4,3,3,3
9230,0.945158346511498,-48988.736066769,0.946708153340152,20,17,381,335,310,273,208,4,4,3,3,2
9240,0.945356037937,-48999.6895207017,0.943575032665089,20,16,392,334,296,276,216,4,4,3,3,3
9250,0.945350666389792,-48999.4052461048,0.946113816882894,20,16,384,324,301,279,228,4,4,3,3,3
9260,0.94496477468092,-48978.1021208063,0.942879015188847,20,15,404,315,311,261,211,4,4,4,3,3
9270,0.944831922208382,-48970.8049697555,0.944668002650863,20,16,387,339,292,262,221,4,4,4,3,3
9280,0.944892585732531,-48974.1389137327,0.9416019112831,20,16,400,350,290,259,216,4,4,3,3,2
9290,0.945424939192456,-49003.3781482267,0.937735278703926,20,17,402,347,301,260,222,4,4,3,3,2
9300,0.946069361764533,-49038.7950139769,0.944806712127742,20,17,393,355,305,268,218,4,4,3,3,2
9310,0.945680585664082,-49018.4411217043,0.952880389952946,20,17,398,353,298,275,213,4,4,3,3,2
9320,0.945226100133552,-48992.4975863735,0.947491279834137,20,17,406,345,313,272,219,4,4,3,3,2
9330,0.946200801310838,-49046.0338928774,0.940807173577125,20,16,394,353,312,282,226,4,4,3,3,2
9340,0.945206430375807,-48991.5315607167,0.948897442321399,20,17,389,333,320,275,231,4,4,3,3,2
9350,0.944610193699833,-48958.9247057581,0.945282201684737,20,17,379,346,304,267,238,4,4,3,3,2
9360,0.945506270782043,-49008.5045181832,0.940438127681379,20,16,388,349,306,273,226,4,4,3,3,2
9370,0.943928293375125,-48921.2684942461,0.943564122800039,20,17,377,335,309,261,225,4,4,3,3,2
9380,0.944632722938624,-48959.9194060798,0.945225976902273,20,17,395,317,315,265,218,4,4,3,3,2
9390,0.945487311340203,-49007.0572561619,0.938838637270431,20,17,410,323,306,262,211,4,4,3,3,2
9400,0.94506582162419,-48983.7935359963,0.948491101553673,20,17,401,344,298,269,231,4,4,3,3,2
9410,0.945386693828917,-49001.2833304661,0.939974505032046,20,16,409,337,281,272,236,4,4,3,3,2
9420,0.945995949303756,-49035.7721827462,0.943217808803151,20,17,399,343,286,272,247,4,4,3,3,2
9430,0.944065739718509,-48930.3478032146,0.942816774126722,20,17,404,340,291,267,240,4,4,3,3,2
9440,0.945571370475334,-49011.451647613,0.942681616882094,20,17,408,334,301,266,247,4,4,3,3,2
9450,0.946206734926878,-49046.3282449275,0.939790420443266,20,16,424,328,299,269,245,4,4,3,3,2
9460,0.946583783106046,-49067.5828081205,0.948745457675107,20,16,421,321,301,268,258,4,4,3,3,2
9470,0.945886673836967,-49028.9738427487,0.951376570102898,20,16,428,309,306,285,239,4,4,3,3,2
9480,0.946224341593731,-49047.2977205564,0.946397728152905,20,16,423,322,294,271,248,4,4,3,3,2
9490,0.944812893364842,-48970.6001725071,0.947433166354548,20,17,417,323,303,275,229,4,4,3,3,2
9500,0.945390217455523,-49003.0795549305,0.944662323281033,20,16,424,336,311,264,213,4,4,3,3,2
9510,0.945514981832008,-49008.3849285253,0.939755758257734,20,17,405,345,312,269,210,4,4,3,3,2
9520,0.945187963183414,-48990.380439826,0.942585458342777,20,17,403,337,304,277,216,4,4,3,3,2
9530,0.945228535986012,-48994.3184794038,0.94925620055488,20,17,400,320,299,276,234,4,4,3,3,2
9540,0.945354292795397,-48999.4985453,0.945177782743763,20,16,377,338,300,278,240,4,4,3,3,2
9550,0.945488249952333,-49006.859315144,0.940150702490076,20,16,375,337,305,277,235,4,4,3,3,2
9560,0.945566833844395,-49011.9168521249,0.945120192421893,20,17,382,328,296,271,253,4,4,3,3,2
9570,0.945106916715579,-48989.9800713982,0.942669656853931,20,17,385,334,296,271,246,4,4,3,3,2
9580,0.944332277042722,-48943.6516652869,0.944116545053323,20,17,396,333,290,270,243,4,4,3,3,2
9590,0.945200553135072,-48994.197459352,0.949611578237022,20,16,403,324,306,275,239,4,4,4,3,2
9600,0.945118231827364,-48986.7806840987,0.938897820680637,20,17,414,333,309,270,229,4,4,3,3,2
9610,0.944979910938701,-48979.4481583209,0.940494336732549,20,17,418,340,309,267,233,4,4,3,3,2
9620,0.944717708246829,-48964.5674927608,0.95173787656944,20,17,410,338,310,271,230,4,4,3,3,2
9630,0.945747381535305,-49021.8781274403,0.947946360288267,20,17,408,350,301,287,222,4,4,3,3,2
9640,0.945991823069615,-49035.7344928859,0.956722093941846,20,17,393,341,312,281,233,4,4,3,2,2
9650,0.945576783795546,-49012.5509975364,0.944431728328451,20,17,398,331,316,264,239,4,4,3,2,2
9660,0.944199558241745,-48936.8491316716,0.945845725694948,20,18,387,342,321,271,227,4,3,3,2,2
9670,0.945018846216809,-48982.9571628783,0.946602911597379,20,17,374,337,322,284,239,4,4,3,2,2
9680,0.945510725401685,-49008.1320567318,0.947589518388292,20,17,379,342,305,282,230,4,4,3,2,2
9690,0.944352967444455,-48944.637204579,0.947606497299373,20,17,378,340,306,278,227,4,4,3,2,2
9700,0.945509605437813,-49008.0289165509,0.943307289031583,20,16,381,346,302,278,221,4,4,4,3,2
9710,0.944597825857494,-48957.9374677088,0.948721179115052,20,17,383,333,298,285,226,4,4,3,2,2
9720,0.945418961201338,-49003.1434965307,0.949625118751338,20,16,387,349,284,283,223,4,4,4,3,2
9730,0.94543460701609,-49004.0584758493,0.956984212767678,20,17,391,359,285,281,226,4,4,3,2,2
9740,0.944839263367854,-48972.5215828595,0.946973217858883,20,17,379,347,295,276,211,4,4,3,3,2
9750,0.945092699424452,-48985.1611979709,0.94716795650909,20,17,393,337,307,262,212,4,4,3,3,2
9760,0.94581403400021,-49024.7785392845,0.938069869031153,20,18,402,332,297,262,223,4,4,3,2,2
9770,0.945931680060824,-49032.5045887183,0.949230438169901,20,17,396,337,295,271,224,4,4,3,3,2
9780,0.944483252622311,-48951.8653238213,0.947027150865221,20,17,409,329,286,271,233,4,4,3,3,2
9790,0.944223065844438,-48937.7152444432,0.942928267933172,20,17,414,323,291,272,219,4,4,3,3,3
9800,0.944996203554817,-48980.8274246488,0.941480164153382,20,15,410,335,305,262,220,4,4,4,3,3
9810,0.943529916189227,-48899.7605739699,0.943164052918136,20,16,406,329,301,263,222,4,4,3,3,3
9820,0.944253593924446,-48939.3904375478,0.94195466373483,20,16,397,333,300,259,228,4,4,3,3,3
9830,0.945563144764431,-49010.9917379122,0.940581264720487,20,16,386,332,288,280,230,4,4,3,3,3
9840,0.945924372657317,-49031.2616086496,0.939558187331116,20,16,396,331,295,278,221,4,4,3,3,3
9850,0.945571207048044,-49013.1354518581,0.949904258481569,20,16,399,327,291,268,221,4,4,3,3,3
9860,0.943964192500118,-48923.1443597908,0.94565018050329,20,16,401,337,294,276,219,4,4,3,3,3
9870,0.945055208368765,-48983.5249808793,0.945191838971903,20,16,391,324,296,289,221,4,4,3,3,3
9880,0.944159567141628,-48933.9574612928,0.948391692518495,20,16,389,322,306,271,220,4,4,3,3,3
9890,0.944820430425141,-48970.8182164471,0.949960050430937,20,16,380,321,298,278,224,4,4,3,3,3
9900,0.94408564162836,-48929.7848905832,0.947425018424597,20,16,386,327,297,271,218,4,4,3,3,3
9910,0.944937888081366,-48977.1012649528,0.941392836004507,20,16,380,328,298,271,231,4,4,3,3,3
9920,0.945181814033564,-48991.0647249471,0.943865780990326,20,16,390,322,298,265,239,4,4,3,3,3
9930,0.944946128790187,-48977.2987876553,0.944067709412605,20,16,375,325,309,264,240,4,4,3,3,3
9940,0.944501363139004,-48952.7044758299,0.948230454136986,20,16,372,331,299,265,238,4,4,3,3,3
9950,0.945465772227464,-49005.61972628,0.942622326948188,20,16,380,313,297,279,238,4,4,3,3,3
9960,0.944046475989848,-48927.628743037,0.945511923090578,20,16,377,316,290,273,247,4,4,3,3,3
9970,0.944639172179176,-48960.9735940506,0.940645979561426,20,16,392,325,300,267,235,4,4,3,3,3
9980,0.943823048795554,-48915.8376384437,0.935633086172353,20,16,381,322,303,263,235,4,4,3,3,3
9990,0.944633977342583,-48961.8136162564,0.936623285943964,20,16,406,329,296,258,231,4,4,3,3,3
10000,0.946228154712158,-49047.4756466661,0.949139024639511,20,16,399,324,317,254,218,4,4,3,3,3
