0 3 11 17 20 1 0 0 0 0 0 0 0 409 281 113 34 58 16 44 12 9 0 13 1 0 0 0 -104901.1 0
10 3 15 17 20 1 0 0 0 0 0 0 0 277 298 129 109 61 18 34 13 21 6 5 7 1 10 1 -3729.347 0.1198653
20 3 15 17 20 1 0 0 0 0 0 0 0 345 320 102 53 50 5 33 19 37 7 6 6 1 5 1 -3713.267 0.1144781
30 3 15 17 20 1 0 0 0 0 0 0 0 276 391 120 44 34 10 22 36 26 7 6 7 1 9 1 -3540.005 0.1068462
40 3 15 17 20 1 0 0 0 0 0 0 0 230 377 101 71 73 13 24 41 28 7 7 8 2 7 1 -3747.326 0.09722222
50 3 15 17 20 1 0 0 0 0 0 0 0 259 437 61 34 43 16 33 34 36 10 8 8 1 9 1 -3654.809 0.09084175
60 3 15 17 20 1 0 0 0 0 0 0 0 288 400 91 48 48 6 21 27 34 6 5 8 1 6 1 -3618.435 0.08720539
70 3 15 17 20 1 0 0 0 0 0 0 0 315 382 73 52 42 9 25 39 25 8 5 7 1 6 1 -3631.69 0.08595479
80 3 15 17 20 1 0 0 0 0 0 0 0 281 273 135 96 57 14 28 29 32 19 7 11 1 6 1 -3806.131 0.08564815
90 3 15 16 21 1 0 0 0 0 0 0 0 301 262 180 41 60 22 22 31 30 18 7 10 1 4 1 -3637.168 0.08578376
100 3 15 16 21 1 0 0 0 0 0 0 0 353 236 198 36 40 11 23 28 24 23 5 6 1 5 1 -3519.602 0.08575758
110 3 15 16 21 1 0 0 0 0 0 0 0 330 235 214 38 46 7 21 30 27 18 5 8 1 9 1 -3572.255 0.0859198
120 3 15 16 21 1 0 0 0 0 0 0 0 388 236 137 35 48 17 25 31 30 19 6 8 1 8 1 -3634.542 0.08411897
130 3 15 16 21 1 0 0 0 0 0 0 0 423 266 90 46 31 8 25 29 28 24 6 7 1 5 1 -3501.283 0.08376068
140 3 15 16 21 1 0 0 0 0 0 0 0 392 245 83 85 50 14 22 23 34 21 8 9 1 2 1 -3544.087 0.08393458
150 3 15 15 22 1 0 0 0 0 0 0 0 365 274 106 64 37 16 24 30 24 24 10 13 1 1 1 -3538.226 0.0837037
160 3 15 15 22 1 0 0 0 0 0 0 0 372 235 119 102 24 9 21 35 25 17 9 12 1 1 8 -3548.034 0.08434343
170 3 15 15 22 1 0 0 0 0 0 0 0 386 262 122 46 33 16 23 30 22 16 9 14 1 1 9 -3571.364 0.08595762
180 3 15 15 22 1 0 0 0 0 0 0 0 432 247 123 19 25 8 25 34 28 13 9 15 1 1 10 -3311.908 0.08673775
190 3 15 15 22 1 0 0 0 0 0 0 0 340 313 131 22 54 4 20 18 39 15 9 13 1 1 10 -3401.688 0.08623073
200 3 15 15 22 1 0 0 0 0 0 0 0 451 266 80 17 46 6 17 34 25 14 9 14 1 1 9 -3425.612 0.08478114
210 3 15 15 22 1 0 0 0 0 0 0 0 481 273 58 14 35 4 19 29 25 14 10 13 1 1 13 -3360.066 0.08343755
220 3 15 15 22 1 0 0 0 0 0 0 0 456 251 57 46 44 7 20 16 43 17 11 12 1 1 8 -3473.239 0.08374656
230 3 15 15 22 1 0 0 0 0 0 0 0 422 205 137 30 54 12 22 22 41 16 10 9 1 1 8 -3502.65 0.08376519
240 3 15 15 22 1 0 0 0 0 0 0 0 388 233 155 40 35 12 21 23 39 15 9 9 1 1 9 -3499.152 0.08324916
250 3 15 15 22 1 0 0 0 0 0 0 0 401 175 203 37 44 8 18 27 34 15 9 8 1 1 9 -3503.41 0.08246465
260 3 15 22 15 1 0 0 0 0 0 0 0 433 184 149 52 28 19 19 34 25 13 9 12 1 1 11 -3406.671 0.08233618
270 3 15 22 15 1 0 0 0 0 0 0 0 466 244 71 33 42 13 20 32 23 17 9 11 1 1 7 -3361.787 0.0817683
280 3 15 22 15 1 0 0 0 0 0 0 0 450 263 80 32 29 10 23 25 27 15 9 15 1 1 10 -3406.48 0.08094036
290 3 15 22 15 1 0 0 0 0 0 0 0 383 315 79 36 24 21 19 32 26 20 12 11 1 1 10 -3509.155 0.08073842
300 3 15 22 15 1 0 0 0 0 0 0 0 325 324 88 74 40 8 19 26 34 14 10 14 1 1 12 -3506.834 0.08046016
310 3 15 22 15 1 0 0 0 0 0 0 0 366 266 102 63 40 11 29 16 46 17 10 12 1 1 10 -3486.413 0.08040621
320 3 15 22 15 1 0 0 0 0 0 0 0 332 241 120 84 47 13 45 20 41 12 9 13 1 1 11 -3667.987 0.0796612
330 3 15 22 15 1 0 0 0 0 0 0 0 308 193 142 110 54 48 27 23 38 11 9 13 1 1 12 -3817.835 0.07945108
340 3 15 22 15 1 0 0 0 0 0 0 0 360 230 142 70 40 16 22 24 36 17 9 12 1 1 10 -3568.521 0.07948109
350 3 15 22 15 1 0 0 0 0 0 0 0 329 237 147 84 37 12 30 25 38 19 10 11 1 1 9 -3567.519 0.0796152
360 3 15 22 15 1 0 0 0 0 0 0 0 404 192 161 49 39 16 24 25 34 16 10 10 1 1 8 -3567.373 0.07973251
370 3 15 22 15 1 0 0 0 0 0 0 0 487 177 132 31 29 8 18 19 41 15 10 13 1 1 8 -3364.244 0.08009828
380 3 15 22 15 1 0 0 0 0 0 0 0 480 188 98 38 44 9 26 20 40 15 9 13 1 1 8 -3417.715 0.07953216
390 3 15 22 15 1 0 0 0 0 0 0 0 493 165 85 40 54 30 19 22 36 16 7 12 1 1 9 -3320.713 0.07930588
400 3 15 22 15 1 0 0 0 0 0 0 0 502 208 48 50 45 8 21 13 44 15 9 13 1 1 12 -3328.512 0.07909091
410 3 15 22 15 1 0 0 0 0 0 0 0 548 195 58 14 42 11 20 17 41 14 9 10 1 1 9 -3315.02 0.07871397
420 3 15 22 15 1 0 0 0 0 0 0 0 455 222 99 40 32 3 24 19 45 14 10 14 1 1 11 -3365.631 0.07832291
430 3 15 22 15 1 0 0 0 0 0 0 0 446 251 80 30 32 26 19 13 42 15 9 12 1 1 13 -3424.505 0.07816146
440 3 15 22 15 1 0 0 0 0 0 0 0 436 306 34 33 32 9 34 20 38 12 9 9 1 1 16 -3361.331 0.07820631
450 3 15 22 15 1 0 0 0 0 0 0 0 469 265 61 24 45 2 20 29 29 14 10 9 1 2 10 -3402.777 0.07850355
460 3 15 22 15 1 0 0 0 0 0 0 0 473 299 46 23 27 3 19 37 20 17 9 9 1 1 6 -3330.208 0.07818035
470 3 15 22 15 1 0 0 0 0 0 0 0 525 244 44 19 30 5 18 33 26 11 9 12 1 1 12 -3284.446 0.07790673
480 3 15 22 15 1 0 0 0 0 0 0 0 477 264 51 19 33 19 21 32 25 16 10 13 1 1 8 -3313.513 0.07812851
490 3 15 22 15 1 0 0 0 0 0 0 0 446 250 46 54 32 27 24 35 28 17 9 12 1 1 8 -3489.136 0.07849241
500 3 15 22 15 1 0 0 0 0 0 0 0 458 289 62 16 26 10 23 24 34 15 8 14 1 1 9 -3345.815 0.07914478
510 3 15 22 15 1 0 0 0 0 0 0 0 427 267 69 57 34 12 18 21 37 17 9 13 1 1 7 -3409.919 0.0788737
520 3 15 22 15 1 0 0 0 0 0 0 0 472 227 91 26 26 20 24 20 39 15 9 9 1 1 10 -3339.946 0.0786778
530 3 15 22 15 1 0 0 0 0 0 0 0 376 288 109 17 32 26 33 22 38 18 9 12 1 1 8 -3422.598 0.07888317
540 3 15 22 15 1 0 0 0 0 0 0 0 360 340 59 29 53 16 19 18 45 18 9 14 1 1 8 -3508.431 0.07855718
550 3 15 22 15 1 0 0 0 0 0 0 0 327 342 66 48 57 17 22 25 39 12 9 12 1 1 12 -3480.621 0.07852464
560 3 15 22 15 1 0 0 0 0 0 0 0 404 320 63 21 36 16 18 23 37 14 12 14 1 1 10 -3346.154 0.078367
570 3 15 22 15 1 0 0 0 0 0 0 0 344 369 79 33 28 11 21 29 27 14 10 12 1 1 11 -3325.978 0.07807313
580 3 15 22 15 1 0 0 0 0 0 0 0 400 330 67 30 31 5 19 31 30 16 8 13 2 1 7 -3390.946 0.07815511
590 3 15 22 15 1 0 0 0 0 0 0 0 390 356 66 20 26 6 20 35 22 13 10 14 1 1 10 -3357.564 0.07809736
600 3 15 22 15 1 0 0 0 0 0 0 0 421 306 75 26 34 6 19 37 19 13 11 10 1 1 11 -3417.831 0.07810887
610 3 15 22 15 1 0 0 0 0 0 0 0 413 304 84 31 24 11 19 38 15 17 8 15 1 1 9 -3330.115 0.07812
620 3 15 22 15 1 0 0 0 0 0 0 0 434 208 101 52 36 29 24 44 14 12 10 13 1 1 11 -3464.499 0.07800043
630 3 15 22 15 1 0 0 0 0 0 0 0 400 265 89 42 37 19 23 47 22 12 9 13 1 1 10 -3487.456 0.07792208
640 3 15 22 15 1 0 0 0 0 0 0 0 344 276 168 34 35 4 22 32 28 11 10 13 1 1 11 -3478.844 0.07763047
650 3 15 22 15 1 0 0 0 0 0 0 0 380 252 126 61 37 2 20 39 24 11 9 15 1 1 12 -3482.67 0.07749806
660 3 15 22 15 1 0 0 0 0 0 0 0 356 276 117 42 54 6 26 28 37 13 9 12 1 1 12 -3572.302 0.07749209
670 3 15 22 15 1 0 0 0 0 0 0 0 293 296 136 41 78 14 22 29 29 14 10 16 1 1 10 -3718.965 0.07731544
680 3 15 22 15 1 0 0 0 0 0 0 0 237 301 159 65 67 23 32 34 32 14 8 7 1 1 9 -3727.952 0.07723312
690 3 15 22 15 1 0 0 0 0 0 0 0 259 227 213 93 64 17 18 29 23 12 9 13 1 1 11 -3627.786 0.07716781
700 3 15 22 15 1 0 0 0 0 0 0 0 286 225 190 74 62 21 19 32 25 14 9 14 1 1 17 -3553.69 0.07708033
710 3 15 22 15 1 0 0 0 0 0 0 0 277 273 184 84 30 12 20 22 35 12 9 11 1 1 19 -3539.915 0.07705221
720 3 15 22 15 1 0 0 0 0 0 0 0 316 256 122 90 48 13 25 14 45 14 11 15 1 1 19 -3674.391 0.07694538
730 3 15 22 15 1 0 0 0 0 0 0 0 361 280 88 49 54 16 23 36 36 15 10 8 1 1 12 -3654.631 0.07705364
740 3 15 22 15 1 0 0 0 0 0 0 0 397 252 102 32 55 22 24 16 44 12 10 11 1 1 11 -3543.079 0.07686778
750 3 15 22 15 1 0 0 0 0 0 0 0 334 257 192 30 30 17 24 14 46 15 10 9 1 1 10 -3519.738 0.0765477
760 3 15 22 15 1 0 0 0 0 0 0 0 346 175 182 88 35 17 34 24 40 16 9 12 1 1 10 -3549.33 0.07624047
770 3 15 22 15 1 0 0 0 0 0 0 0 339 263 140 73 44 7 18 28 34 18 10 8 1 1 6 -3504.237 0.07595872
780 3 15 22 15 1 0 0 0 0 0 0 0 338 250 176 52 29 7 25 26 36 12 10 15 1 1 12 -3451.233 0.07581369
790 3 15 22 15 1 0 0 0 0 0 0 0 324 297 142 36 30 7 37 21 42 17 10 15 1 1 10 -3493.675 0.0758002
800 3 15 22 15 1 0 0 0 0 0 0 0 309 312 110 57 55 19 22 16 38 18 9 14 1 1 9 -3548.265 0.0761532
810 3 15 22 15 1 0 0 0 0 0 0 0 361 317 81 26 55 18 23 23 38 11 9 14 1 1 12 -3428.845 0.07678015
820 3 15 22 15 1 0 0 0 0 0 0 0 381 284 105 49 38 9 20 28 27 12 9 15 1 1 11 -3474.103 0.07662396
830 3 15 22 15 1 0 0 0 0 0 0 0 331 327 80 63 37 4 33 32 25 17 10 14 3 2 12 -3472.512 0.07670277
840 3 15 22 15 1 0 0 0 0 0 0 0 335 314 71 84 44 20 21 26 31 17 8 9 1 1 8 -3515.542 0.07664743
850 3 15 22 15 1 0 0 0 0 0 0 0 295 296 111 79 44 24 22 25 38 19 10 14 1 1 11 -3686.671 0.07697366
860 3 15 22 15 1 0 0 0 0 0 0 0 362 183 136 89 57 35 25 30 24 11 10 13 1 1 13 -3632.678 0.0772649
870 3 15 22 15 1 0 0 0 0 0 0 0 395 224 115 83 30 11 23 31 26 18 9 14 1 1 9 -3482.845 0.07736755
880 3 15 22 15 1 0 0 0 0 0 0 0 349 236 106 94 58 14 21 25 38 15 10 12 1 1 10 -3612.8 0.0775176
890 3 15 22 15 1 0 0 0 0 0 0 0 431 235 49 60 39 33 33 19 41 12 10 14 1 1 12 -3542.45 0.07763402
900 3 15 22 15 1 0 0 0 0 0 0 0 350 273 99 44 60 25 32 26 36 14 10 10 1 1 9 -3569.079 0.07737374
910 3 15 22 15 1 0 0 0 0 0 0 0 334 197 195 49 60 7 34 17 45 20 10 14 1 1 6 -3614.646 0.07743368
920 3 15 22 15 1 0 0 0 0 0 0 0 332 177 223 47 56 21 25 22 39 18 10 12 1 1 6 -3562.557 0.07728737
930 3 15 22 15 1 0 0 0 0 0 0 0 327 158 217 92 37 22 27 18 43 16 9 13 1 1 9 -3573.634 0.07713696
940 3 15 22 15 1 0 0 0 0 0 0 0 322 192 217 55 61 9 30 15 45 12 10 10 1 1 10 -3606.521 0.07682857
950 3 15 22 15 1 0 0 0 0 0 0 0 338 238 148 72 36 14 36 21 37 17 11 12 1 1 8 -3571.07 0.07671451
960 3 15 22 15 1 0 0 0 0 0 0 0 320 178 167 108 82 10 19 20 37 15 10 13 1 1 9 -3619.17 0.07670104
970 3 15 22 15 1 0 0 0 0 0 0 0 375 168 133 84 93 12 19 21 39 12 10 11 1 1 11 -3537.548 0.0769447
980 3 15 22 15 1 0 0 0 0 0 0 0 372 202 161 53 42 28 19 17 44 15 9 13 2 1 12 -3572.863 0.07681578
990 3 15 22 15 1 0 0 0 0 0 0 0 338 216 125 64 73 22 34 31 38 14 9 11 1 1 13 -3735.154 0.07660783
1000 3 15 22 15 1 0 0 0 0 0 0 0 311 188 133 114 46 14 67 20 43 12 10 12 1 1 18 -3699.121 0.07650842
1010 3 15 22 15 1 0 0 0 0 0 0 0 299 219 130 97 50 44 28 28 40 13 9 15 2 1 15 -3853.651 0.07677768
1020 3 15 22 15 1 0 0 0 0 0 0 0 291 223 199 72 42 24 19 38 27 16 11 14 1 1 12 -3694.732 0.07714729
1030 3 15 22 15 1 0 0 0 0 0 0 0 245 269 177 70 66 24 25 37 23 10 9 17 1 1 16 -3684.008 0.07722533
1040 3 15 22 15 1 0 0 0 0 0 0 0 245 292 147 52 73 22 33 32 26 18 20 16 2 1 11 -3754.261 0.07736338
1050 3 15 22 15 1 0 0 0 0 0 0 0 339 272 127 19 91 10 26 39 20 18 11 9 1 1 7 -3573.418 0.07747635
1060 3 15 22 15 1 0 0 0 0 0 0 0 382 281 107 37 42 13 24 28 26 18 9 13 2 1 7 -3528.499 0.07735531
1070 3 15 22 15 1 0 0 0 0 0 0 0 383 302 114 24 30 6 26 37 23 16 9 10 1 1 8 -3485.203 0.07730577
1080 3 15 22 15 1 0 0 0 0 0 0 0 392 265 108 37 60 4 19 31 22 16 10 14 1 1 10 -3447.863 0.07728832
1090 3 15 22 15 1 0 0 0 0 0 0 0 365 265 67 80 45 21 29 32 26 25 10 13 1 1 10 -3563.367 0.07734841
1100 3 15 22 15 1 0 0 0 0 0 0 0 348 223 64 141 52 24 33 29 27 17 9 12 1 1 9 -3540.085 0.07752066
1110 3 15 22 15 1 0 0 0 0 0 0 0 348 314 58 88 37 17 20 23 34 16 11 13 2 1 8 -3415.423 0.07762914
1120 3 15 22 15 1 0 0 0 0 0 0 0 409 323 58 47 27 5 18 32 24 15 9 11 1 1 10 -3351.711 0.07767557
1130 3 15 22 15 1 0 0 0 0 0 0 0 366 303 115 38 31 8 22 32 25 15 8 13 1 1 12 -3317.443 0.07755728
1140 3 15 22 15 1 0 0 0 0 0 0 0 395 285 89 43 34 8 22 26 37 17 9 13 1 1 10 -3475.968 0.07772166
1150 3 15 22 15 1 0 0 0 0 0 0 0 386 284 107 39 42 8 21 26 26 18 10 14 1 1 7 -3496.601 0.07775143
1160 3 15 22 15 1 0 0 0 0 0 0 0 376 249 166 35 29 6 18 37 23 19 11 13 1 1 6 -3578.916 0.07773714
1170 3 15 22 15 1 0 0 0 0 0 0 0 455 225 116 38 25 6 20 29 27 14 9 13 1 1 11 -3422.805 0.07771159
1180 3 15 22 15 1 0 0 0 0 0 0 0 411 276 87 48 33 12 21 14 44 12 9 12 1 1 9 -3516.904 0.07776066
1190 3 15 22 15 1 0 0 0 0 0 0 0 447 222 67 82 36 6 23 17 40 14 9 14 1 1 11 -3411.352 0.07780041
1200 3 15 22 15 1 0 0 0 0 0 0 0 356 317 72 59 38 17 20 26 33 18 9 15 1 1 8 -3467.681 0.07778339
1210 3 15 22 15 1 0 0 0 0 0 0 0 296 344 115 59 32 19 19 18 42 13 8 13 1 1 10 -3566.259 0.07781952
1220 3 15 22 15 1 0 0 0 0 0 0 0 273 378 106 57 48 6 19 16 41 14 9 11 1 1 10 -3539.959 0.07786885
1230 3 15 22 15 1 0 0 0 0 0 0 0 256 299 106 125 56 17 20 18 43 23 10 11 1 1 4 -3684.165 0.07776683
1240 3 15 22 15 1 0 0 0 0 0 0 0 242 296 134 120 53 22 19 22 38 15 10 8 1 1 9 -3738.8 0.07765016
1250 3 15 22 15 1 0 0 0 0 0 0 0 181 320 155 121 56 19 24 25 44 15 9 9 1 1 10 -3784.957 0.07752727
1260 3 15 22 15 1 0 0 0 0 0 0 0 256 295 170 69 51 21 22 30 29 14 9 10 1 1 12 -3700.004 0.07740367
1270 3 15 22 15 1 0 0 0 0 0 0 0 224 330 134 112 56 11 18 29 34 10 10 6 1 1 14 -3653.649 0.07735359
1280 3 15 22 15 1 0 0 0 0 0 0 0 218 338 98 118 66 18 21 24 36 15 10 15 1 1 11 -3680.411 0.07747264
1290 3 15 22 15 1 0 0 0 0 0 0 0 192 307 105 111 72 30 48 30 40 19 9 13 1 1 12 -3856.047 0.07777256
1300 3 15 22 15 1 0 0 0 0 0 0 0 255 283 131 88 85 14 22 27 36 15 9 13 1 1 10 -3685.913 0.07804973
1310 3 15 22 15 1 0 0 0 0 0 0 0 279 346 114 52 58 13 17 31 34 18 9 11 1 1 6 -3538.098 0.07804508
1320 3 15 22 15 1 0 0 0 0 0 0 0 299 382 73 52 34 19 26 30 28 15 9 13 1 1 8 -3499.685 0.07802265
1330 3 15 22 15 1 0 0 0 0 0 0 0 296 309 86 110 41 23 23 24 28 11 9 13 1 1 15 -3467.743 0.07826384
1340 3 15 22 15 1 0 0 0 0 0 0 0 345 322 94 54 37 9 20 40 24 13 7 12 1 1 11 -3497.727 0.07884065
1350 3 15 22 15 1 0 0 0 0 0 0 0 371 296 108 47 40 5 21 33 21 14 9 14 1 1 9 -3407.168 0.07885272
1360 3 15 22 15 1 0 0 0 0 0 0 0 350 281 147 38 35 4 28 32 29 12 9 12 1 1 11 -3504.33 0.07878045
1370 3 15 22 15 1 0 0 0 0 0 0 0 313 369 97 19 32 29 22 38 25 11 9 13 1 1 11 -3523.09 0.07877805
1380 3 15 22 15 1 0 0 0 0 0 0 0 302 431 54 23 27 15 29 30 26 15 10 14 1 1 12 -3389.951 0.0787342
1390 3 15 22 15 1 0 0 0 0 0 0 0 400 290 54 27 48 33 18 44 29 15 10 10 2 1 9 -3423.577 0.07867161
1400 3 15 22 15 1 0 0 0 0 0 0 0 458 285 62 16 35 12 20 17 42 14 9 8 1 1 10 -3352.631 0.07863877
1410 3 15 22 15 1 0 0 0 0 0 0 0 482 222 89 22 42 4 21 16 43 13 10 13 1 1 11 -3349.164 0.07860878
1420 3 15 22 15 1 0 0 0 0 0 0 0 436 237 115 38 38 3 18 16 41 14 9 13 1 1 10 -3415.455 0.0784986
1430 3 15 22 15 1 0 0 0 0 0 0 0 383 286 104 22 45 16 24 18 42 19 9 13 1 1 7 -3493.131 0.07838996
1440 3 15 22 15 1 0 0 0 0 0 0 0 367 280 100 36 62 4 25 21 42 15 11 11 2 3 11 -3529.853 0.07837636
1450 3 15 22 15 1 0 0 0 0 0 0 0 343 310 86 33 62 23 23 24 37 14 9 13 1 1 11 -3532.232 0.07857657
1460 3 15 22 15 1 0 0 0 0 0 0 0 368 300 99 32 44 11 26 20 41 16 9 13 1 1 9 -3521.995 0.07856187
1470 3 15 22 15 1 0 0 0 0 0 0 0 333 314 113 50 37 7 21 20 45 15 8 14 1 1 11 -3512.86 0.07839392
1480 3 15 22 15 1 0 0 0 0 0 0 0 364 312 111 45 29 4 20 17 41 14 10 10 1 1 11 -3452.535 0.07841023
1490 3 15 22 15 1 0 0 0 0 0 0 0 405 281 100 27 30 11 36 12 43 14 10 10 1 1 9 -3441.873 0.07834271
1500 3 15 22 15 1 0 0 0 0 0 0 0 371 301 66 37 43 13 27 23 60 12 10 12 1 1 13 -3502.518 0.07821773
1510 3 15 22 15 1 0 0 0 0 0 0 0 365 303 71 18 64 17 23 33 40 15 10 12 1 4 14 -3562.549 0.07815684
1520 3 15 22 15 1 0 0 0 0 0 0 0 446 249 41 39 60 7 33 25 39 17 10 13 1 1 9 -3488.205 0.07813663
1530 3 15 22 15 1 0 0 0 0 0 0 0 407 251 75 41 64 19 28 26 32 15 9 11 1 1 10 -3500.747 0.07813428
1540 3 15 22 15 1 0 0 0 0 0 0 0 383 282 80 50 58 10 20 39 21 13 10 11 1 1 11 -3545.074 0.07819537
1550 3 15 22 15 1 0 0 0 0 0 0 0 398 256 60 78 60 5 22 36 22 18 10 13 1 1 10 -3524.381 0.07819268
1560 3 15 22 15 1 0 0 0 0 0 0 0 366 321 88 39 38 13 21 33 22 15 9 13 1 1 10 -3420.389 0.07826124
1570 3 15 22 15 1 0 0 0 0 0 0 0 391 293 100 42 26 13 25 36 20 16 8 8 1 1 10 -3381.935 0.07817453
1580 3 15 22 15 1 0 0 0 0 0 0 0 376 325 85 34 39 6 20 31 20 14 10 16 2 1 11 -3443.3 0.07818906
1590 3 15 22 15 1 0 0 0 0 0 0 0 362 311 72 65 48 6 20 32 23 19 10 13 1 1 7 -3466.705 0.07831353
1600 3 15 22 15 1 0 0 0 0 0 0 0 366 355 37 37 41 29 19 32 28 16 10 9 1 1 9 -3424.79 0.0785564
1610 3 15 22 15 1 0 0 0 0 0 0 0 410 267 72 46 37 24 25 30 31 15 9 13 1 1 9 -3500.266 0.07868959
1620 3 15 22 15 1 0 0 0 0 0 0 0 404 275 63 57 32 14 27 22 43 15 12 14 1 1 10 -3441.578 0.07888972
1630 3 15 22 15 1 0 0 0 0 0 0 0 443 212 82 59 25 22 33 28 32 17 9 16 1 2 9 -3455.773 0.07906468
1640 3 15 22 15 1 0 0 0 0 0 0 0 441 194 114 65 37 9 22 29 26 15 11 14 2 1 10 -3425.795 0.07908557
1650 3 15 22 15 1 0 0 0 0 0 0 0 464 224 74 55 30 10 22 34 26 12 10 14 1 1 13 -3409.153 0.07907152
1660 3 15 22 15 1 0 0 0 0 0 0 0 431 267 62 50 31 12 25 25 34 16 10 12 1 1 13 -3449.559 0.07904142
1670 3 15 22 15 1 0 0 0 0 0 0 0 456 241 49 61 37 12 21 30 30 13 12 16 1 1 10 -3409.103 0.07896732
1680 3 15 22 15 1 0 0 0 0 0 0 0 491 214 74 47 32 6 19 33 23 19 8 14 1 1 8 -3388.52 0.07890412
1690 3 15 22 15 1 0 0 0 0 0 0 0 495 235 77 16 31 8 20 32 26 16 9 13 1 1 10 -3289.884 0.07895922
1700 3 15 22 15 1 0 0 0 0 0 0 0 460 283 58 29 28 9 18 33 23 15 10 12 1 1 10 -3356.69 0.07892058
1710 3 15 22 15 1 0 0 0 0 0 0 0 376 338 59 50 37 5 22 36 23 19 8 9 1 1 6 -3421.394 0.07886467
1720 3 15 22 15 1 0 0 0 0 0 0 0 376 240 108 94 38 6 20 24 38 17 9 11 1 1 7 -3492.402 0.07872719
1730 3 15 22 15 1 0 0 0 0 0 0 0 281 210 159 162 40 8 17 22 39 15 10 14 2 1 10 -3516.278 0.07865943
1740 3 15 22 15 1 0 0 0 0 0 0 0 268 224 217 109 30 10 21 18 45 15 8 13 1 1 10 -3593.498 0.07857889
1750 3 15 22 15 1 0 0 0 0 0 0 0 266 245 258 50 34 14 22 15 43 15 9 8 2 1 8 -3509.568 0.07851275
1760 3 15 22 15 1 0 0 0 0 0 0 0 224 260 254 55 44 12 26 37 28 19 8 10 1 1 11 -3644.505 0.07841674
1770 3 15 22 15 1 0 0 0 0 0 0 0 251 280 232 38 31 13 18 39 37 17 10 10 1 1 12 -3642.803 0.07834655
1780 3 15 22 15 1 0 0 0 0 0 0 0 324 272 175 51 30 12 20 18 39 17 9 12 1 2 8 -3524.776 0.07832444
1790 3 15 22 15 1 0 0 0 0 0 0 0 365 252 169 22 41 7 25 30 30 15 8 15 1 1 9 -3426.67 0.07829129
1800 3 15 22 15 1 0 0 0 0 0 0 0 344 291 100 82 33 3 27 18 44 15 10 12 1 1 9 -3571.095 0.07829966
1810 3 15 22 15 1 0 0 0 0 0 0 0 221 381 102 102 38 22 22 20 35 17 9 11 1 1 8 -3676.279 0.07830794
1820 3 15 22 15 1 0 0 0 0 0 0 0 292 359 108 58 36 15 18 27 28 12 10 14 2 1 10 -3619.809 0.07859363
1830 3 15 22 15 1 0 0 0 0 0 0 0 301 279 146 61 48 15 32 35 22 14 8 16 1 1 11 -3669.74 0.07878604
1840 3 15 22 15 1 0 0 0 0 0 0 0 337 268 136 60 41 11 22 30 27 17 11 16 1 1 12 -3721.43 0.07893244
1850 3 15 22 15 1 0 0 0 0 0 0 0 357 221 165 66 43 9 19 29 31 13 10 15 1 1 10 -3621.18 0.07884794
1860 3 15 22 15 1 0 0 0 0 0 0 0 337 287 138 30 45 13 32 34 26 16 9 13 1 1 8 -3595.371 0.07887115
1870 3 15 22 15 1 0 0 0 0 0 0 0 362 247 108 30 82 25 26 27 36 15 8 12 1 2 9 -3535.713 0.07883469
1880 3 15 22 15 1 0 0 0 0 0 0 0 351 286 83 41 78 15 24 16 43 22 9 15 1 1 5 -3559.165 0.07872161
1890 3 15 22 15 1 0 0 0 0 0 0 0 347 297 64 66 75 8 21 17 46 14 9 13 1 1 11 -3509.045 0.07868633
1900 3 15 22 15 1 0 0 0 0 0 0 0 385 269 76 66 48 11 25 24 38 19 9 10 1 1 8 -3455.758 0.07863725
1910 3 15 22 15 1 0 0 0 0 0 0 0 442 243 62 40 63 15 20 18 43 15 10 8 1 1 9 -3409.338 0.07854637
1920 3 15 22 15 1 0 0 0 0 0 0 0 474 191 48 94 37 13 30 18 38 14 10 10 1 1 11 -3403.942 0.07848099
1930 3 15 22 15 1 0 0 0 0 0 0 0 473 224 70 73 24 4 18 17 40 16 9 13 1 1 7 -3329.135 0.07841105
1940 3 15 22 15 1 0 0 0 0 0 0 0 503 212 60 44 27 12 21 27 36 17 10 12 1 1 7 -3342.151 0.07830886
1950 3 15 22 15 1 0 0 0 0 0 0 0 515 178 58 52 47 14 21 20 36 16 10 11 1 1 10 -3395.27 0.07825952
1960 3 15 22 15 1 0 0 0 0 0 0 0 450 223 47 60 60 16 20 23 37 17 12 13 1 1 10 -3541.527 0.07818835
1970 3 15 22 15 1 0 0 0 0 0 0 0 452 277 79 23 26 8 18 16 44 13 9 14 1 1 9 -3411.67 0.07812644
1980 3 15 22 15 1 0 0 0 0 0 0 0 383 295 129 20 27 8 22 23 34 17 9 14 1 1 7 -3364.115 0.07806176
1990 3 15 22 15 1 0 0 0 0 0 0 0 449 299 59 25 29 4 20 26 32 12 9 14 1 1 10 -3355.551 0.07810602
2000 3 15 22 15 1 0 0 0 0 0 0 0 370 320 71 42 45 9 18 26 40 15 12 11 1 1 9 -3492.361 0.07810269
