-104901.1
-3729.347
-3713.267
-3540.005
-3747.326
-3654.809
-3618.435
-3631.69
-3806.131
-3637.168
-3519.602
-3572.255
-3634.542
-3501.283
-3544.087
-3538.226
-3548.034
-3571.364
-3311.908
-3401.688
-3425.612
-3360.066
-3473.239
-3502.65
-3499.152
-3503.41
-3406.671
-3361.787
-3406.48
-3509.155
-3506.834
-3486.413
-3667.987
-3817.835
-3568.521
-3567.519
-3567.373
-3364.244
-3417.715
-3320.713
-3328.512
-3315.02
-3365.631
-3424.505
-3361.331
-3402.777
-3330.208
-3284.446
-3313.513
-3489.136
-3345.815
-3409.919
-3339.946
-3422.598
-3508.431
-3480.621
-3346.154
-3325.978
-3390.946
-3357.564
-3417.831
-3330.115
-3464.499
-3487.456
-3478.844
-3482.67
-3572.302
-3718.965
-3727.952
-3627.786
-3553.69
-3539.915
-3674.391
-3654.631
-3543.079
-3519.738
-3549.33
-3504.237
-3451.233
-3493.675
-3548.265
-3428.845
-3474.103
-3472.512
-3515.542
-3686.671
-3632.678
-3482.845
-3612.8
-3542.45
-3569.079
-3614.646
-3562.557
-3573.634
-3606.521
-3571.07
-3619.17
-3537.548
-3572.863
-3735.154
-3699.121
-3853.651
-3694.732
-3684.008
-3754.261
-3573.418
-3528.499
-3485.203
-3447.863
-3563.367
-3540.085
-3415.423
-3351.711
-3317.443
-3475.968
-3496.601
-3578.916
-3422.805
-3516.904
-3411.352
-3467.681
-3566.259
-3539.959
-3684.165
-3738.8
-3784.957
-3700.004
-3653.649
-3680.411
-3856.047
-3685.913
-3538.098
-3499.685
-3467.743
-3497.727
-3407.168
-3504.33
-3523.09
-3389.951
-3423.577
-3352.631
-3349.164
-3415.455
-3493.131
-3529.853
-3532.232
-3521.995
-3512.86
-3452.535
-3441.873
-3502.518
-3562.549
-3488.205
-3500.747
-3545.074
-3524.381
-3420.389
-3381.935
-3443.3
-3466.705
-3424.79
-3500.266
-3441.578
-3455.773
-3425.795
-3409.153
-3449.559
-3409.103
-3388.52
-3289.884
-3356.69
-3421.394
-3492.402
-3516.278
-3593.498
-3509.568
-3644.505
-3642.803
-3524.776
-3426.67
-3571.095
-3676.279
-3619.809
-3669.74
-3721.43
-3621.18
-3595.371
-3535.713
-3559.165
-3509.045
-3455.758
-3409.338
-3403.942
-3329.135
-3342.151
-3395.27
-3541.527
-3411.67
-3364.115
-3355.551
-3492.361
