-1.922136 -1.042852 -2.095096 -1.628435 -2.392575 1.56791 -2.693054 -1.324777 -1.229966 -1.009951 0.5512938 -1.898485 -1.69102 -0.5756458 -1.806946
-1.781914 -0.6115562 -2.054443 -1.466553 -2.500287 1.390142 -2.754901 -1.342218 -1.22806 -1.657185 1.252765 0.4106977 4.046786 -0.2635772 2.109112
-2.276115 -0.5861578 -2.062086 0.1178578 -2.530768 2.350582 -2.755997 -1.648223 -1.247104 -1.680478 1.059682 0.2514008 4.036128 -0.2601056 2.150688
-2.476336 -0.6387053 -2.049191 -0.002368949 -2.611009 2.429742 -2.804446 -1.60628 -1.247963 -1.661226 1.040695 0.3030349 4.169462 -0.2231026 2.170275
-2.485295 -0.5860077 -2.050991 -0.1494171 -2.634775 2.058074 -2.811898 -1.543597 -1.217754 -1.612745 0.8939942 0.08393833 4.08424 -0.2212979 2.082672
-2.51196 -0.5193166 -2.040019 0.1756455 -2.610864 2.177977 -2.809933 -1.706747 -1.203493 -1.676909 1.098155 0.3664426 4.06972 -0.365352 2.13972
-2.446844 -0.5791964 -2.007598 0.1535006 -2.605666 2.236885 -2.809219 -1.657365 -1.22718 -1.699072 1.087009 0.4517914 4.107222 -0.2582123 2.081149
-2.481695 -0.4480302 -2.127477 0.1976304 -2.645285 2.387661 -2.814071 -1.632142 -1.177721 -1.717538 1.078285 0.4673457 4.040524 -0.3053414 2.301914
-2.511958 -0.5908023 -2.124483 -0.1311209 -2.620184 2.233187 -2.815991 -1.588816 -1.235551 -1.792731 0.8855894 0.3776017 4.15743 -0.3016345 2.219262
-2.48665 -0.5702203 -2.19175 0.00965245 -2.62568 2.154431 -2.813601 -1.693795 -1.297014 -1.805334 1.006815 0.1701499 4.116104 -0.3839743 2.112864
-2.464342 -0.5367519 -2.205794 0.011083 -2.595681 2.05122 -2.802477 -1.588084 -1.192098 -1.800078 1.273098 0.4195657 4.108442 -0.2573905 2.189891
-2.51605 -0.6047313 -2.251061 0.2169247 -2.620889 2.166908 -2.823656 -1.55459 -1.234688 -1.825567 1.041469 0.2772339 4.158411 -0.3088356 2.212342
-2.519737 -0.5698063 -2.305165 0.06981457 -2.627202 2.216264 -2.818384 -1.558599 -1.249823 -1.851874 0.9104892 0.2085382 4.099879 -0.2481169 2.131652
-2.510989 -0.5382968 -2.417313 0.07719421 -2.68322 2.276148 -2.814102 -1.53361 -1.259013 -1.92585 0.8463197 0.2095635 4.126767 -0.3106083 2.232854
-2.418175 -0.6856606 -2.433632 0.03952268 -2.661059 1.594877 -2.818808 -1.551042 -1.30297 -1.902722 0.7051934 -0.09665876 4.12844 -0.2724749 2.138433
-2.437939 -0.6795983 -2.44268 0.1510726 -2.688006 2.226536 -2.819294 -1.52205 -1.254434 -1.878891 0.7250905 -0.1696088 4.163772 -0.3579334 2.18084
-2.548998 -0.7910421 -2.40588 0.04742783 -2.677248 1.927787 -2.815474 -1.661534 -1.243073 -2.01724 0.8783368 -0.1976667 2.214041 4.147085 -1.669043
-2.487091 -0.9354289 -2.430699 0.06341937 -2.661228 1.874161 -2.820922 -1.762694 -1.206422 -1.981908 0.7070299 -0.3035855 2.184409 4.208514 -1.721288
-2.531082 -0.8108232 -2.42504 -0.2539814 -2.672999 1.857881 -2.825333 -1.726037 -1.217428 -2.017657 0.6474035 -0.2863736 2.237502 4.057148 -1.759367
-2.510576 -0.6966423 -2.395901 0.1421804 -2.669348 1.96481 -2.817981 -1.807178 -1.325409 -2.050802 0.6506589 -0.2876672 2.171063 4.234084 -1.757126
-2.48876 -0.5702196 -2.397458 0.1412467 -2.669971 1.923616 -2.823183 -1.683795 -1.207977 -2.013606 0.542742 -0.2043675 2.149705 4.181728 -1.696432
-2.503801 -0.6502109 -2.420731 0.1171946 -2.678672 2.183104 -2.828559 -1.61982 -1.208435 -2.034318 0.6534322 -0.2844812 2.152417 4.267529 -1.784858
-2.453151 -0.6707522 -2.435968 -0.09256847 -2.684862 2.127666 -2.826379 -1.86368 -1.289593 -1.956261 0.6248208 -0.2014337 2.150561 4.108488 -1.684818
-2.503824 -0.5149585 -2.398121 0.1955039 -2.668322 2.288117 -2.823954 -1.812185 -1.321986 -1.984863 0.7757555 -0.3077017 2.138785 4.132523 -1.747227
-2.501199 -0.4808129 -2.45986 -0.5029101 -2.666109 1.911127 -2.814572 -1.877936 -1.306911 -2.014062 0.5489266 -0.3669776 2.191345 3.909123 -1.701819
-2.476384 -0.5365166 -2.455528 -0.3185168 -2.666108 1.924888 -2.824093 -1.72832 -1.275584 -2.017506 0.7763582 -0.3221473 2.125413 4.126468 -1.677982
-2.546727 -0.7001124 -2.404459 0.1309617 -2.666802 1.909122 -2.814668 -1.697034 -1.220097 -2.084132 0.6302414 -0.2112042 4.29663 2.143647 -1.714739
-2.461811 -0.6109726 -2.410488 0.2851037 -2.664628 2.062126 -2.824258 -1.625104 -1.160788 -1.960212 0.6520413 -0.2251586 4.19827 2.251419 -1.674776
-2.470388 -0.8522605 -2.426243 0.03441352 -2.673469 2.219096 -2.825177 -1.780903 -1.213357 -1.991658 0.7621165 -0.2715487 4.153052 2.187022 -1.718933
-2.488799 -0.5878691 -2.496964 0.3717814 -2.707203 1.901909 -2.824136 -1.660013 -1.217735 -2.054151 0.6109397 -0.218963 4.066026 2.20768 -1.751044
-2.45479 -0.6083297 -2.419925 0.1241211 -2.667619 2.443918 -2.828067 -1.687877 -1.273427 -2.032334 0.7698226 -0.1707405 4.154421 2.123106 -1.799198
-2.485907 -0.6080019 -2.395931 0.09883136 -2.664531 1.953392 -2.813584 -1.783556 -1.344281 -1.992373 0.7391031 -0.2870087 4.143759 2.125651 -1.717727
-2.454932 -0.5608645 -2.412823 -0.2710233 -2.663365 1.951929 -2.829782 -1.797002 -1.351884 -2.019457 0.663395 -0.2728268 4.186143 2.053557 -1.764674
-2.488177 -0.6957342 -2.439975 0.296634 -2.695152 1.789696 -2.819561 -1.78665 -1.269766 -2.055612 0.6939559 -0.3172859 4.170605 2.310568 -1.709316
-2.454741 -0.63761 -2.439185 0.1328093 -2.666962 1.959601 -2.821817 -1.694617 -1.270697 -1.985826 0.7966319 -0.3210689 3.94503 2.35521 -1.680298
-2.465843 -0.5877059 -2.39875 0.04165075 -2.663784 2.179001 -2.81795 -1.760929 -1.32494 -1.998078 0.7241864 -0.2471346 4.142984 2.24065 -1.702892
-2.47294 -0.5961302 -2.445797 0.1887345 -2.681797 2.34221 -2.832405 -1.667555 -1.270281 -1.983671 0.688518 -0.1652162 4.089262 2.131116 -1.683098
-2.511689 -0.6249208 -2.410253 -0.1065051 -2.65727 2.106224 -2.822104 -1.929239 -1.260683 -2.001615 0.7459245 -0.2793697 4.073045 2.246682 -1.689354
-2.462964 -0.7300964 -2.43163 0.4054362 -2.672871 1.821938 -2.812392 -1.779936 -1.325657 -2.017381 0.6861829 -0.2926115 4.204051 2.19464 -1.704661
-2.460494 -0.6400077 -2.43535 0.2916938 -2.662607 1.84576 -2.825475 -1.838945 -1.277108 -1.990852 0.566355 -0.2630853 4.220112 2.267496 -1.691356
-2.468993 -0.6567661 -2.403312 -0.1036532 -2.670414 2.088221 -2.82728 -1.914305 -1.388743 -2.006929 0.7847143 -0.2820865 4.089556 2.178868 -1.731669
-2.407855 -0.6178689 -2.428803 -0.221329 -2.660425 1.944639 -2.82372 -1.801192 -1.265131 -1.987457 0.8018028 -0.2212636 4.072152 2.167626 -1.725215
-2.437547 -0.6580226 -2.414629 0.1194511 -2.666934 2.277912 -2.823473 -1.940357 -1.29219 -2.032459 0.7991685 -0.1971608 4.054693 2.186308 -1.751133
-2.481446 -0.5668302 -2.413517 0.1677206 -2.666909 1.999056 -2.816535 -1.848225 -1.325217 -2.014496 0.6645937 -0.2706712 4.172075 2.141854 -1.784659
-2.473065 -0.555203 -2.426059 0.04545335 -2.663764 1.74584 -2.823756 -1.817885 -1.272566 -2.128432 0.5914439 -0.2887146 4.194116 2.373156 -1.77551
-2.469897 -0.6145315 -2.424214 0.1402663 -2.680738 2.031753 -2.824003 -1.582692 -1.291266 -1.990259 0.7533365 -0.3651708 4.033263 2.114275 -1.692635
-2.480235 -0.6753006 -2.4225 -0.2151428 -2.664701 2.05931 -2.818798 -1.601006 -1.16868 -2.01146 0.6747172 -0.2037891 4.130932 2.14236 -1.703453
-2.455016 -0.7955331 -2.426299 0.3334015 -2.646243 1.640844 -2.832118 -1.731742 -1.256437 -2.069653 0.5543762 -0.2874996 4.120748 2.240236 -1.760648
-2.435468 -0.6955353 -2.433932 0.3437675 -2.658979 2.330504 -2.822996 -1.690602 -1.226515 -2.050674 0.6934484 -0.2105622 4.105272 2.184912 -1.66424
-2.466805 -0.6264755 -2.429729 -0.03663689 -2.680605 1.973628 -2.828849 -1.729908 -1.263123 -2.010424 0.6999508 -0.2094388 4.079406 2.106153 -1.728577
-2.462297 -0.5991365 -2.422287 0.2463976 -2.670253 1.892217 -2.82379 -1.797754 -1.244604 -1.928433 0.5833668 -0.3087474 4.029947 2.21306 -1.747104
-2.500438 -0.6729867 -2.40388 0.2127644 -2.682723 2.130644 -2.834285 -1.726006 -1.315256 -1.965053 0.657384 -0.2539167 4.188949 2.185751 -1.694388
-2.498171 -0.5335367 -2.446382 -0.2276541 -2.673203 1.99117 -2.820438 -1.684126 -1.297959 -2.014733 0.6575626 -0.2497479 4.134284 2.271611 -1.739572
-2.488555 -0.5286941 -2.409255 0.1794576 -2.675007 1.549106 -2.820161 -1.85557 -1.301891 -1.979057 0.5898409 -0.2532503 4.162366 2.303287 -1.70917
-2.458326 -0.6457811 -2.466064 0.374416 -2.668374 1.907457 -2.82178 -1.806889 -1.34248 -1.985094 0.5880001 -0.1291431 4.04945 2.239285 -1.720651
-2.568079 -0.6920852 -2.436201 0.0201983 -2.684178 2.047037 -2.817587 -1.778422 -1.301241 -2.066638 0.7554707 -0.293275 4.056644 2.317279 -1.744014
-2.474582 -0.7277049 -2.40671 0.2378813 -2.661155 1.958225 -2.816372 -1.831885 -1.308002 -2.041284 0.5544414 -0.2098915 4.222107 2.097916 -1.715016
-2.498394 -0.6493696 -2.405138 0.03333862 -2.674917 2.296525 -2.823576 -1.75559 -1.220153 -2.094432 0.7793132 -0.2232573 4.109833 2.216709 -1.729005
-2.48356 -0.8229939 -2.448237 0.3401797 -2.679349 2.056826 -2.812709 -1.850867 -1.310368 -1.939543 0.5918861 -0.3093116 4.114565 2.170732 -1.758304
-2.474588 -0.6523884 -2.44852 0.0456395 -2.672975 1.887754 -2.816281 -1.668784 -1.184957 -2.012685 0.6762835 -0.2917343 4.254247 2.134032 -1.720855
-2.51594 -0.615559 -2.44637 0.1320483 -2.676921 1.954043 -2.817726 -1.589939 -1.248092 -2.076726 0.7812383 -0.2010766 4.147374 2.264004 -1.730095
-2.518168 -0.8275594 -2.452324 0.333038 -2.673773 1.710329 -2.826962 -1.541566 -1.170227 -1.983147 0.7836704 -0.3230343 4.059281 2.284056 -1.770869
-2.472163 -0.5884441 -2.441242 0.1358442 -2.667662 2.16993 -2.832142 -1.490964 -1.119733 -2.008734 0.7354219 -0.2343043 4.133505 2.19776 -1.717303
-2.432316 -0.6557907 -2.406111 0.2793443 -2.667911 1.964916 -2.823802 -1.550207 -1.169135 -2.044839 0.7443862 -0.2323575 4.122436 2.183004 -1.70552
-2.497565 -0.7037969 -2.427361 0.2039441 -2.67623 2.155354 -2.821747 -1.743683 -1.222553 -2.036799 0.6672397 -0.160106 4.139433 2.142384 -1.72577
-2.557154 -0.6715606 -2.495396 0.3264316 -2.672777 2.148161 -2.82577 -1.721237 -1.245515 -2.105643 0.7803553 -0.191324 4.248272 2.291987 -1.767828
-2.469112 -0.6827798 -2.459307 -0.1473002 -2.68221 1.757774 -2.819811 -1.842396 -1.239301 -2.060601 0.7714069 -0.2359295 4.135261 2.367038 -1.740751
-2.487606 -0.7831129 -2.436101 -0.03404176 -2.679531 2.195744 -2.819957 -1.643391 -1.282354 -1.979072 0.8004868 -0.2478013 4.076598 2.274716 -1.742125
-2.503194 -0.600042 -2.401182 0.160187 -2.675246 1.98356 -2.824909 -1.661885 -1.200908 -2.025749 0.7027658 -0.3447114 4.106503 2.15798 -1.727453
-2.504387 -0.8669277 -2.481913 0.2755273 -2.666754 1.944076 -2.822829 -1.743901 -1.323717 -2.037615 0.6410537 -0.2024988 4.153942 2.186661 -1.740416
-2.460859 -0.7306289 -2.474602 0.3449674 -2.682011 1.737965 -2.832809 -1.540125 -1.157684 -2.18259 0.7214482 -0.3348239 4.207421 2.180967 -1.814375
-2.512036 -0.6470851 -2.476196 -0.1860327 -2.677492 2.078999 -2.81968 -1.697088 -1.314601 -2.157469 0.5786527 -0.362147 4.201367 2.306789 -1.836109
-2.534098 -0.6505894 -2.45649 0.1684038 -2.67755 1.927654 -2.828925 -1.949539 -1.279288 -2.203241 0.7395564 -0.3263176 4.237794 2.104752 -1.852222
-2.559447 -0.4710369 -2.412149 0.3324359 -2.665368 1.850879 -2.821522 -1.706222 -1.281718 -2.122056 0.8436009 -0.3524711 4.142993 2.168085 -1.764994
-2.516147 -0.5677233 -2.428315 0.0790692 -2.678744 1.947905 -2.819507 -1.872092 -1.297961 -1.970112 0.580986 -0.2393574 4.0892 2.097567 -1.763268
-2.493256 -0.6125724 -2.412157 0.3953805 -2.672811 1.895751 -2.825632 -1.860787 -1.336851 -2.065409 0.6007182 -0.2469671 4.107436 2.185394 -1.691147
-2.497916 -0.6046617 -2.408395 0.02044094 -2.662856 1.919489 -2.822486 -1.747161 -1.33271 -1.996069 0.5479972 -0.2784171 4.166549 2.221886 -1.747994
-2.507729 -0.5644814 -2.420176 0.128686 -2.66014 1.976752 -2.830827 -1.844223 -1.286061 -1.966228 0.6914272 -0.3418131 4.210365 2.240272 -1.674748
-2.430393 -0.6486385 -2.417364 -0.05581973 -2.668283 2.226768 -2.814451 -1.65255 -1.288781 -2.04257 0.8362636 -0.2030453 4.268055 2.190533 -1.763761
-2.473754 -0.6801034 -2.426794 -0.04798572 -2.662054 1.831881 -2.82132 -1.831495 -1.332037 -2.028152 0.6352161 -0.2001043 4.094634 2.367024 -1.771613
-2.469613 -0.707022 -2.470521 0.1586348 -2.678284 2.088676 -2.817644 -1.731497 -1.324528 -1.994942 0.6389145 -0.2196736 4.061696 2.207492 -1.71101
-2.465104 -0.6539962 -2.44069 0.3501802 -2.68147 1.946778 -2.830742 -1.706409 -1.325093 -2.091622 0.7442791 -0.2284673 4.0082 2.237736 -1.767514
-2.484017 -0.7304971 -2.396099 0.2345331 -2.660541 1.92833 -2.825219 -1.627548 -1.285797 -1.971214 0.5915786 -0.2584635 4.156968 2.191172 -1.703343
-2.51066 -0.7532188 -2.413392 0.5342599 -2.670865 2.241709 -2.823931 -1.639857 -1.256545 -2.119492 0.7145169 -0.2179835 4.100871 2.25748 -1.774988
-2.485257 -0.4513725 -2.417707 0.03730296 -2.656531 1.864702 -2.81964 -1.736496 -1.275854 -1.994286 0.7495185 -0.3331913 4.07909 2.230304 -1.714919
-2.551392 -0.7273823 -2.429106 0.1839367 -2.667095 2.279229 -2.814684 -1.756816 -1.2757 -2.038386 0.6985725 -0.1950332 4.224208 2.148464 -1.755465
-2.51461 -0.8029782 -2.462669 0.2752566 -2.6829 1.916387 -2.824966 -1.697722 -1.258095 -2.013838 0.5571067 -0.2252161 4.173353 2.322849 -1.740111
-2.506447 -0.6158608 -2.447256 -0.3396475 -2.658184 1.868924 -2.815686 -1.649102 -1.303535 -2.04722 0.5944765 -0.281998 4.153012 2.160649 -1.700585
-2.449944 -0.7278151 -2.396538 0.08428922 -2.672063 1.853474 -2.821902 -1.729327 -1.243475 -1.987564 0.5463666 -0.2024671 4.194321 2.281686 -1.715033
-2.451082 -0.6680222 -2.432081 0.09940008 -2.670044 1.839447 -2.823896 -1.716887 -1.34331 -2.059558 0.5868313 -0.1697906 4.160274 2.333115 -1.741672
-2.470479 -0.6035619 -2.430212 0.02199475 -2.664727 2.0133 -2.825006 -1.778926 -1.35209 -1.980203 0.5628779 -0.299819 4.14785 2.165803 -1.715528
-2.465505 -0.7409734 -2.41203 0.2977952 -2.68575 2.278709 -2.818501 -1.832165 -1.377078 -1.939879 0.8215 -0.2532699 4.089732 2.10976 -1.682759
-2.459313 -0.6791578 -2.447099 0.03223287 -2.682015 2.041975 -2.818927 -1.731535 -1.279699 -1.960407 0.8020651 -0.1459005 4.171648 2.304179 -1.68806
-2.533365 -0.6835208 -2.436372 0.2368711 -2.664057 2.017063 -2.822797 -1.778181 -1.326117 -1.986372 0.6816812 -0.1261621 4.132272 2.181926 -1.735816
-2.423555 -0.5810621 -2.438386 0.08291119 -2.670354 1.889578 -2.821856 -1.908184 -1.320189 -1.969846 0.7725208 -0.2798606 4.221837 2.186473 -1.692772
-2.462254 -0.5778951 -2.413032 0.1909667 -2.663498 1.989859 -2.821513 -1.8637 -1.265211 -1.9664 0.7731916 -0.3119211 4.246763 2.174747 -1.697581
-2.46146 -0.7342236 -2.448276 0.03613683 -2.69431 1.944383 -2.824863 -1.742959 -1.355091 -2.006907 0.6533285 -0.1758518 4.052527 2.212488 -1.695678
-2.50009 -0.5738824 -2.397596 0.1604702 -2.670832 2.214926 -2.832016 -1.845728 -1.360495 -2.032081 0.74262 -0.1810237 4.182532 2.155102 -1.71922
-2.538416 -0.550423 -2.414566 0.1087968 -2.681122 1.86344 -2.821786 -1.898184 -1.30469 -2.08695 0.6136699 -0.2347853 4.196285 2.229889 -1.75428
-2.588953 -0.6009134 -2.442548 0.05040895 -2.679187 2.099907 -2.829878 -1.797516 -1.255185 -2.067647 0.6344595 -0.2339643 4.099666 2.195769 -1.727806
-2.523327 -0.6229563 -2.476558 0.146392 -2.677048 2.151807 -2.817395 -1.991012 -1.333605 -2.200824 0.7792755 -0.2541935 4.178871 2.171593 -1.812027
-2.538804 -0.6418316 -2.421881 0.1389809 -2.693352 1.887508 -2.829869 -1.65328 -1.314224 -2.11542 0.4983947 -0.2266656 4.187631 2.173927 -1.736007
-2.450737 -0.6899942 -2.427922 0.2637809 -2.662822 2.205762 -2.827756 -1.541277 -1.225649 -2.056574 0.7605982 -0.2584807 4.05674 2.252974 -1.710929
-2.441624 -0.6768112 -2.435283 0.1365573 -2.669734 1.918937 -2.830391 -1.668141 -1.198285 -2.084929 0.6480308 -0.2455812 4.110435 2.186409 -1.791592
-2.493585 -0.807119 -2.442476 0.1190351 -2.667528 1.885435 -2.82095 -1.661707 -1.261697 -2.021208 0.6321516 -0.2612748 4.175627 2.131706 -1.756132
-2.426977 -0.6124844 -2.454273 0.09297566 -2.673378 2.141419 -2.821575 -1.552135 -1.195417 -1.983401 0.6145902 -0.3114124 4.118872 2.246418 -1.654862
-2.481551 -0.7230251 -2.445494 0.1049232 -2.678684 1.745017 -2.827608 -1.626443 -1.218044 -1.944435 0.6538928 -0.241598 4.165583 2.186186 -1.680495
-2.428298 -0.6106085 -2.428417 0.008862797 -2.664585 1.782625 -2.825493 -1.598978 -1.211285 -2.002288 0.6691986 -0.1683211 4.144137 2.194102 -1.689234
-2.436228 -0.8141717 -2.432301 -0.1200385 -2.678105 2.086592 -2.823081 -1.630119 -1.196111 -2.047364 0.7509308 -0.2630794 4.229209 2.254773 -1.74974
-2.40906 -0.6419611 -2.408582 0.04251465 -2.679892 1.96165 -2.831303 -1.558768 -1.206037 -2.080953 0.5608909 -0.1980092 4.171219 2.20421 -1.746988
-2.492216 -0.6390588 -2.455345 -0.110899 -2.688421 1.894591 -2.825507 -1.656922 -1.227066 -2.036105 0.6356641 -0.2672852 4.174104 2.216178 -1.663526
-2.434213 -0.6174667 -2.401005 -0.2097921 -2.669896 2.127481 -2.815469 -1.796147 -1.26913 -1.941652 0.5956001 -0.2632094 4.045606 2.159406 -1.706336
-2.455971 -0.5929552 -2.419801 -0.02246417 -2.663743 1.854085 -2.825769 -1.659668 -1.233034 -2.038123 0.7412005 -0.2865203 4.067043 2.148839 -1.717732
-2.49566 -0.7104055 -2.433455 -0.08152319 -2.664114 1.785564 -2.824382 -1.663362 -1.238429 -2.080944 0.7607026 -0.2654184 4.193539 2.133843 -1.769163
-2.514867 -0.6524282 -2.503308 -0.2271956 -2.687145 1.94932 -2.820087 -1.682177 -1.282488 -2.110081 0.7078736 -0.2809157 4.180237 2.386502 -1.680078
-2.467223 -0.7439098 -2.432451 -0.1589934 -2.658378 2.259597 -2.818666 -1.676556 -1.236046 -1.999856 0.7644802 -0.2724975 4.038923 2.266082 -1.711852
-2.504582 -0.81329 -2.422253 0.3433397 -2.667111 2.195009 -2.820408 -1.608431 -1.216997 -1.992093 0.6496179 -0.328356 4.209405 2.249683 -1.655483
-2.494058 -0.6558469 -2.418996 -0.16742 -2.662741 1.973698 -2.824885 -1.672424 -1.203982 -2.04115 0.6312129 -0.2400043 4.178999 2.224471 -1.730756
-2.433977 -0.5892071 -2.449058 0.07951931 -2.654519 2.02945 -2.828595 -1.848301 -1.318551 -1.956378 0.6182909 -0.2247266 4.056028 2.188482 -1.724246
-2.379599 -0.6249993 -2.413077 -0.2364967 -2.67282 2.054895 -2.822323 -1.839991 -1.337437 -2.048195 0.6415607 -0.3332168 4.121768 2.131627 -1.746273
-2.4837 -0.7240066 -2.422845 -0.1249225 -2.667911 2.012087 -2.819379 -1.694496 -1.312705 -1.963201 0.6890754 -0.2402288 4.08519 2.175956 -1.728053
-2.468982 -0.5815395 -2.439914 0.1525962 -2.671018 1.503712 -2.817285 -1.824564 -1.349383 -2.054071 0.4760855 -0.3179448 4.156944 2.201693 -1.714494
-2.497764 -0.6379506 -2.421039 0.1076467 -2.669537 1.791058 -2.819453 -1.89335 -1.311288 -2.014956 0.5515499 -0.3385726 4.012367 2.212769 -1.700713
-2.444839 -0.6326585 -2.433192 0.1518472 -2.672774 2.275524 -2.810526 -1.887039 -1.323746 -1.960602 0.7765039 -0.2749142 4.146332 2.132635 -1.578595
-2.456197 -0.4567185 -2.430945 0.08902006 -2.703986 1.590274 -2.826406 -1.667691 -1.31633 -2.001249 0.7781056 -0.2668974 4.108207 2.232315 -1.726878
-2.447449 -0.5649042 -2.447621 -0.07370163 -2.675509 2.076091 -2.816758 -1.758887 -1.300356 -2.028419 0.6896815 -0.3113813 4.114674 2.237334 -1.705432
-2.49996 -0.5264904 -2.404345 -0.08841915 -2.65918 1.9374 -2.810652 -1.701947 -1.244175 -2.00829 0.7487068 -0.3487457 4.142126 2.056013 -1.708423
-2.508103 -0.576138 -2.409531 0.4481836 -2.670684 2.287713 -2.835681 -1.62171 -1.209376 -2.083805 0.7132625 -0.3503954 4.129225 2.312539 -1.736593
-2.496939 -0.7172896 -2.437163 0.07740068 -2.66607 2.229452 -2.824959 -1.805817 -1.289172 -2.043272 0.6330802 -0.282586 4.056264 2.348895 -1.740549
-2.570847 -0.6517482 -2.445173 0.1516854 -2.676171 1.862045 -2.824799 -1.697344 -1.24332 -2.040976 0.7072707 -0.2763767 4.130511 2.207531 -1.786511
-2.477435 -0.6089427 -2.371412 0.09956803 -2.665556 1.574064 -2.82681 -1.718877 -1.272951 -1.986476 0.7139542 -0.2172039 4.032877 2.200469 -1.718243
-2.498642 -0.6081974 -2.442206 0.3753511 -2.671888 2.306118 -2.825234 -1.747513 -1.311802 -1.991333 0.7185321 -0.3115994 4.164849 2.050391 -1.632684
-2.448586 -0.6606031 -2.422944 0.1005209 -2.673189 2.130904 -2.828773 -1.74879 -1.269255 -1.965935 0.7997429 -0.2223612 4.026989 2.118576 -1.739224
-2.458107 -0.7893613 -2.449296 -0.3049018 -2.680096 1.960719 -2.81805 -1.776915 -1.223252 -2.099594 0.8015349 -0.2499326 4.146509 2.231455 -1.739793
-2.444706 -0.6455646 -2.434429 0.1058948 -2.66442 1.508768 -2.823401 -1.604958 -1.177642 -2.001995 0.5213737 -0.266496 4.093821 2.147579 -1.730499
-2.460601 -0.7081805 -2.423491 0.3912866 -2.665379 1.823355 -2.82108 -1.637476 -1.176913 -1.972594 0.7115232 -0.2158833 4.153362 2.06242 -1.696889
-2.466313 -0.7370763 -2.430917 0.1408132 -2.667508 1.908357 -2.814628 -1.683838 -1.251305 -2.02207 0.7315324 -0.3280098 4.13654 2.226206 -1.726639
-2.470088 -0.6502984 -2.460473 0.6301284 -2.671469 2.00443 -2.824545 -1.622505 -1.238082 -2.05117 0.6653224 -0.2355897 4.072779 2.146212 -1.7425
-2.521654 -0.7357274 -2.440817 -0.1245177 -2.685547 2.036244 -2.824643 -1.728521 -1.243944 -2.065596 0.7010999 -0.2933837 4.031202 2.255751 -1.756062
-2.502056 -0.579118 -2.40652 -0.2236979 -2.678656 2.560086 -2.82905 -1.708363 -1.284557 -2.060817 0.6844267 -0.2337247 4.072498 2.262658 -1.69341
-2.461414 -0.4394051 -2.424568 0.01211932 -2.679609 1.951432 -2.825939 -1.882741 -1.349402 -2.020219 0.8408579 -0.4656019 4.186008 2.232439 -1.771899
-2.473457 -0.6733324 -2.410468 0.4489465 -2.652918 1.707748 -2.830345 -1.911773 -1.356576 -1.993868 0.6258315 -0.2114408 4.152695 2.16503 -1.719659
-2.48411 -0.5465145 -2.418165 0.03835067 -2.670959 2.235197 -2.820025 -1.854963 -1.309673 -1.979198 0.7085341 -0.3021026 4.194382 2.257186 -1.701214
-2.510043 -0.6721781 -2.400118 -0.05132361 -2.678593 1.884823 -2.828108 -1.836736 -1.323302 -1.983631 0.6207508 -0.1937782 4.078078 2.203329 -1.666891
-2.497434 -0.6744542 -2.433228 0.02987556 -2.684832 2.304345 -2.82694 -1.766699 -1.298151 -2.034121 0.6915781 -0.3059298 4.131445 2.311462 -1.710583
-2.476908 -0.7168494 -2.407592 0.1585144 -2.677318 1.93347 -2.827341 -1.711634 -1.345664 -2.00678 0.7665317 -0.2622024 4.105351 2.273402 -1.769814
-2.562405 -0.6591077 -2.400594 0.2662689 -2.676852 1.817563 -2.829807 -1.810111 -1.360313 -2.053369 0.5896714 -0.2176802 4.104547 2.240075 -1.72555
-2.483468 -0.5891297 -2.485721 0.2623015 -2.689228 1.926542 -2.820825 -1.931078 -1.353959 -2.068598 0.6669598 -0.2240073 4.089145 2.271943 -1.740581
-2.524022 -0.5694759 -2.399286 0.2252206 -2.665374 2.306985 -2.82572 -1.878212 -1.317898 -2.032632 0.7367421 -0.3570729 4.161457 2.238183 -1.769161
-2.459599 -0.6489051 -2.41742 -0.009633546 -2.659257 2.206619 -2.822668 -2.00007 -1.328375 -1.989052 0.7051512 -0.2105883 4.055591 2.211567 -1.687258
-2.434721 -0.6793996 -2.426777 -0.07449945 -2.649607 2.077893 -2.828476 -1.821987 -1.353432 -2.015716 0.8293701 -0.2556061 4.171953 2.218112 -1.767724
-2.431076 -0.5391854 -2.398656 0.3004678 -2.681744 1.952551 -2.815248 -1.844044 -1.288312 -2.013103 0.676014 -0.2977778 4.044749 2.292499 -1.691575
-2.517846 -0.6375419 -2.478511 0.3860711 -2.691029 2.066941 -2.824612 -1.863607 -1.270664 -1.969557 0.6338989 -0.2281195 4.10182 2.303354 -1.737405
-2.505469 -0.6520584 -2.457527 0.3731765 -2.671237 1.706863 -2.829421 -1.661777 -1.313768 -2.026994 0.5383193 -0.2616352 4.111815 2.19653 -1.743084
-2.472193 -0.7583289 -2.450902 0.1742503 -2.690293 1.716275 -2.819613 -1.661977 -1.220948 -2.07173 0.6569695 -0.2246177 4.213957 2.254556 -1.747992
-2.486408 -0.6800216 -2.4111 -0.05474016 -2.673281 1.99405 -2.818759 -1.553887 -1.220697 -2.039763 0.6648898 -0.2501677 4.112238 2.196294 -1.705385
-2.470367 -0.6854089 -2.450173 -0.07560009 -2.67336 1.909834 -2.826886 -1.545346 -1.207889 -2.031569 0.6568448 -0.2406463 4.28062 2.140637 -1.768213
-2.415482 -0.5291856 -2.452569 0.1503238 -2.677538 1.704566 -2.820667 -1.571549 -1.205611 -2.020121 0.6849745 -0.1959695 4.107728 2.284792 -1.747616
-2.474742 -0.8069755 -2.430993 0.2903946 -2.673208 2.131682 -2.817309 -1.631628 -1.217801 -2.083164 0.7834558 -0.2653085 4.071538 2.224589 -1.715119
-2.418166 -0.7237993 -2.427259 0.6191758 -2.682946 2.31133 -2.814758 -1.643649 -1.223951 -1.947926 0.7899881 -0.1945037 4.149435 2.168785 -1.62079
-2.485522 -0.5454051 -2.46522 0.1680187 -2.697127 2.297235 -2.831084 -1.688481 -1.16861 -2.039561 0.7752834 -0.2739941 4.104685 2.193741 -1.700136
-2.40628 -0.6472242 -2.439669 0.3856318 -2.678569 1.996304 -2.821809 -1.747969 -1.255402 -1.99741 0.7623543 -0.2497539 4.087497 2.036946 -1.743937
-2.530315 -0.744356 -2.427747 -0.08378942 -2.679959 1.99464 -2.829396 -1.873153 -1.329789 -2.060267 0.7523389 -0.3272072 4.09166 2.336345 -1.767975
-2.492967 -0.5998287 -2.407832 0.2485232 -2.673317 2.028023 -2.824086 -1.706096 -1.29569 -1.947836 0.6003444 -0.2183629 4.246682 2.247828 -1.70598
-2.513239 -0.742976 -2.449026 0.3848423 -2.675365 1.922871 -2.821499 -1.666241 -1.294332 -1.964432 0.5852619 -0.2636243 4.242854 2.22122 -1.697606
-2.544105 -0.8168862 -2.409683 -0.1860349 -2.675411 1.913033 -2.81928 -1.692941 -1.244162 -2.098845 0.7204158 -0.2566386 4.223057 2.085854 -1.752555
-2.536599 -0.674488 -2.444159 0.0922104 -2.67261 2.17656 -2.822823 -1.771979 -1.254692 -2.076888 0.7166966 -0.2391204 4.132924 2.120113 -1.76767
-2.485822 -0.7645961 -2.426916 0.2108552 -2.68084 2.327878 -2.825787 -1.733358 -1.266727 -2.045302 0.6509303 -0.2886946 4.139947 2.232863 -1.70919
-2.4682 -0.832336 -2.416037 0.08137067 -2.674113 1.607164 -2.817147 -1.653362 -1.219984 -1.996783 0.7038599 -0.2511152 4.092693 2.213959 -1.693518
-2.486194 -0.7303229 -2.438694 0.3103523 -2.693274 1.759689 -2.818541 -1.677227 -1.210646 -2.037452 0.6770265 -0.225352 4.178148 2.162775 -1.762624
-2.450665 -0.6965694 -2.435359 0.1585175 -2.6832 2.084298 -2.827329 -1.66194 -1.240298 -2.049813 0.6096283 -0.2451686 4.147774 2.238011 -1.768284
-2.442376 -0.4739002 -2.423448 -0.05763317 -2.674584 1.824746 -2.818026 -1.641966 -1.207113 -2.004101 0.6865449 -0.3234942 4.022862 2.32354 -1.638296
-2.490429 -0.6139101 -2.424991 -0.194108 -2.679175 1.875215 -2.815284 -1.716452 -1.267931 -1.992568 0.6180192 -0.1738978 4.219408 2.173731 -1.671057
-2.501002 -0.6702432 -2.413523 0.2976753 -2.673708 2.301465 -2.825925 -1.801617 -1.309459 -2.013341 0.8779788 -0.2172794 4.031536 2.257699 -1.745931
-2.53107 -0.7303546 -2.401443 0.2370163 -2.661398 1.738692 -2.828002 -1.866257 -1.36516 -2.018425 0.7855789 -0.2335247 4.151238 2.173318 -1.681022
-2.482535 -0.6438751 -2.421958 -0.004337357 -2.671213 2.086782 -2.82242 -1.941642 -1.302247 -1.983623 0.677736 -0.3464293 4.134706 2.089588 -1.754407
-2.509436 -0.5805352 -2.424245 -0.009519139 -2.680875 2.366952 -2.829342 -1.727482 -1.23737 -2.080796 0.7169879 -0.318317 4.12217 2.207761 -1.720028
-2.497537 -0.6256446 -2.415517 0.3203004 -2.680618 1.579834 -2.819816 -1.673048 -1.299412 -2.047523 0.6126871 -0.3412302 4.147796 2.165526 -1.744509
-2.470345 -0.6534035 -2.440734 0.1641977 -2.676764 2.135096 -2.823093 -1.755073 -1.338738 -1.932442 0.5547518 -0.2594278 4.130911 2.264169 -1.705495
-2.50032 -0.7799214 -2.427776 0.09491643 -2.664822 1.895453 -2.818652 -1.635696 -1.256506 -2.014326 0.6901645 -0.23161 4.076229 2.358529 -1.723395
-2.535181 -0.5245339 -2.396245 0.0009811142 -2.676963 2.402202 -2.820238 -1.875709 -1.330274 -2.00177 0.6559306 -0.2659953 4.120666 2.263315 -1.776501
-2.497756 -0.6280536 -2.424957 -0.1963865 -2.673281 1.736908 -2.813128 -1.796821 -1.317 -1.987786 0.6372588 -0.2198904 4.036707 2.271911 -1.746907
-2.443214 -0.8760812 -2.488536 0.01843435 -2.694609 2.196854 -2.828738 -1.793312 -1.216432 -1.990274 0.9002688 -0.2641137 4.088828 2.216642 -1.756675
-2.540256 -0.9702751 -2.464267 0.1885471 -2.696367 2.106219 -2.81814 -1.723258 -1.224223 -2.122779 0.5921763 -0.2581609 4.134417 2.18198 -1.694157
-2.533709 -0.8285864 -2.443033 -0.3770381 -2.676355 1.95296 -2.821482 -1.750714 -1.289131 -2.155292 0.7704569 -0.3548226 4.175604 2.20892 -1.782399
-2.452543 -0.7600075 -2.439715 -0.04263771 -2.671163 2.321628 -2.815927 -1.702441 -1.325452 -2.017159 0.7727824 -0.2317651 4.283712 2.107005 -1.67314
-2.469206 -0.6852714 -2.414305 0.6780253 -2.68042 2.122849 -2.823528 -1.66209 -1.23852 -1.989328 0.6914714 -0.3006624 4.09376 2.166749 -1.708618
-2.501891 -0.692435 -2.398272 0.03960462 -2.688024 1.56722 -2.830134 -1.815476 -1.276757 -2.037838 0.6466563 -0.1781206 4.280311 2.222716 -1.738368
-2.514691 -0.7219856 -2.431536 0.3312762 -2.674219 1.666236 -2.82269 -1.865275 -1.330527 -1.977087 0.6704497 -0.2733197 4.116975 2.204854 -1.651236
-2.537011 -0.5375964 -2.418327 0.01296422 -2.667431 1.946591 -2.815729 -1.880203 -1.332476 -2.076116 0.7201519 -0.2923284 4.109465 2.120342 -1.722327
-2.498411 -0.5935202 -2.420014 -0.1351703 -2.686805 1.934405 -2.8315 -1.69144 -1.301867 -1.999848 0.7371208 -0.3281306 4.192968 2.29508 -1.681883
-2.515219 -0.5356673 -2.407245 -0.06534151 -2.66965 2.068151 -2.823522 -1.890513 -1.35086 -2.048364 0.7580283 -0.291868 4.164239 2.190082 -1.719596
-2.403277 -0.5165514 -2.41858 -0.187418 -2.672409 2.117365 -2.825767 -1.763952 -1.305985 -2.038866 0.6112677 -0.3006464 4.135516 2.187439 -1.724007
-2.438336 -0.7154737 -2.431316 0.04622638 -2.683263 1.885984 -2.820345 -1.911278 -1.342888 -1.938887 0.7392814 -0.2746054 4.189476 2.163443 -1.612855
-2.493314 -0.5920453 -2.392632 0.04877623 -2.664446 2.00055 -2.822897 -1.752881 -1.226308 -1.969477 0.6436868 -0.2674156 4.050609 2.245039 -1.680323
-2.465808 -0.5118258 -2.416022 0.1260433 -2.674338 1.824607 -2.820514 -1.836895 -1.271705 -1.93476 0.6528106 -0.3522828 4.168714 2.245736 -1.765524
-2.480335 -0.6686227 -2.426755 0.09637979 -2.660997 2.207325 -2.823506 -1.716583 -1.319867 -1.976574 0.7863299 -0.2147697 4.028971 2.273167 -1.71851
-2.496664 -0.7022014 -2.416632 0.2230285 -2.669196 2.084945 -2.821778 -1.87104 -1.325234 -2.048133 0.7039229 -0.2568677 4.088323 2.216781 -1.696544
-2.465289 -0.7321688 -2.426864 -0.1112383 -2.662076 2.038373 -2.826386 -1.692864 -1.295392 -1.963085 0.7183271 -0.2955006 4.115643 2.190982 -1.671199
-2.456408 -0.8168453 -2.413024 -0.1717726 -2.673567 2.113973 -2.818591 -1.686241 -1.298038 -2.023033 0.6560034 -0.0845067 4.057011 2.207853 -1.731819
-2.431054 -0.4992557 -2.397332 0.2488819 -2.668191 2.330101 -2.811931 -1.762313 -1.28087 -1.999223 0.6554125 -0.3338577 4.137033 2.118429 -1.65144
