17 20 1 0 0 0 0 0 0 0
17 20 1 0 0 0 0 0 0 0
17 20 1 0 0 0 0 0 0 0
17 20 1 0 0 0 0 0 0 0
17 20 1 0 0 0 0 0 0 0
17 20 1 0 0 0 0 0 0 0
17 20 1 0 0 0 0 0 0 0
17 20 1 0 0 0 0 0 0 0
17 20 1 0 0 0 0 0 0 0
16 21 1 0 0 0 0 0 0 0
16 21 1 0 0 0 0 0 0 0
16 21 1 0 0 0 0 0 0 0
16 21 1 0 0 0 0 0 0 0
16 21 1 0 0 0 0 0 0 0
16 21 1 0 0 0 0 0 0 0
15 22 1 0 0 0 0 0 0 0
15 22 1 0 0 0 0 0 0 0
15 22 1 0 0 0 0 0 0 0
15 22 1 0 0 0 0 0 0 0
15 22 1 0 0 0 0 0 0 0
15 22 1 0 0 0 0 0 0 0
15 22 1 0 0 0 0 0 0 0
15 22 1 0 0 0 0 0 0 0
15 22 1 0 0 0 0 0 0 0
15 22 1 0 0 0 0 0 0 0
15 22 1 0 0 0 0 0 0 0
22 15 1 0 0 0 0 0 0 0
22 15 1 0 0 0 0 0 0 0
22 15 1 0 0 0 0 0 0 0
22 15 1 0 0 0 0 0 0 0
22 15 1 0 0 0 0 0 0 0
22 15 1 0 0 0 0 0 0 0
22 15 1 0 0 0 0 0 0 0
22 15 1 0 0 0 0 0 0 0
22 15 1 0 0 0 0 0 0 0
22 15 1 0 0 0 0 0 0 0
22 15 1 0 0 0 0 0 0 0
22 15 1 0 0 0 0 0 0 0
22 15 1 0 0 0 0 0 0 0
22 15 1 0 0 0 0 0 0 0
22 15 1 0 0 0 0 0 0 0
22 15 1 0 0 0 0 0 0 0
22 15 1 0 0 0 0 0 0 0
22 15 1 0 0 0 0 0 0 0
22 15 1 0 0 0 0 0 0 0
22 15 1 0 0 0 0 0 0 0
22 15 1 0 0 0 0 0 0 0
22 15 1 0 0 0 0 0 0 0
22 15 1 0 0 0 0 0 0 0
22 15 1 0 0 0 0 0 0 0
22 15 1 0 0 0 0 0 0 0
22 15 1 0 0 0 0 0 0 0
22 15 1 0 0 0 0 0 0 0
22 15 1 0 0 0 0 0 0 0
22 15 1 0 0 0 0 0 0 0
22 15 1 0 0 0 0 0 0 0
22 15 1 0 0 0 0 0 0 0
22 15 1 0 0 0 0 0 0 0
22 15 1 0 0 0 0 0 0 0
22 15 1 0 0 0 0 0 0 0
22 15 1 0 0 0 0 0 0 0
22 15 1 0 0 0 0 0 0 0
22 15 1 0 0 0 0 0 0 0
22 15 1 0 0 0 0 0 0 0
22 15 1 0 0 0 0 0 0 0
22 15 1 0 0 0 0 0 0 0
22 15 1 0 0 0 0 0 0 0
22 15 1 0 0 0 0 0 0 0
22 15 1 0 0 0 0 0 0 0
22 15 1 0 0 0 0 0 0 0
22 15 1 0 0 0 0 0 0 0
22 15 1 0 0 0 0 0 0 0
22 15 1 0 0 0 0 0 0 0
22 15 1 0 0 0 0 0 0 0
22 15 1 0 0 0 0 0 0 0
22 15 1 0 0 0 0 0 0 0
22 15 1 0 0 0 0 0 0 0
22 15 1 0 0 0 0 0 0 0
22 15 1 0 0 0 0 0 0 0
22 15 1 0 0 0 0 0 0 0
22 15 1 0 0 0 0 0 0 0
22 15 1 0 0 0 0 0 0 0
22 15 1 0 0 0 0 0 0 0
22 15 1 0 0 0 0 0 0 0
22 15 1 0 0 0 0 0 0 0
22 15 1 0 0 0 0 0 0 0
22 15 1 0 0 0 0 0 0 0
22 15 1 0 0 0 0 0 0 0
22 15 1 0 0 0 0 0 0 0
22 15 1 0 0 0 0 0 0 0
22 15 1 0 0 0 0 0 0 0
22 15 1 0 0 0 0 0 0 0
22 15 1 0 0 0 0 0 0 0
22 15 1 0 0 0 0 0 0 0
22 15 1 0 0 0 0 0 0 0
22 15 1 0 0 0 0 0 0 0
22 15 1 0 0 0 0 0 0 0
22 15 1 0 0 0 0 0 0 0
22 15 1 0 0 0 0 0 0 0
22 15 1 0 0 0 0 0 0 0
22 15 1 0 0 0 0 0 0 0
22 15 1 0 0 0 0 0 0 0
22 15 1 0 0 0 0 0 0 0
22 15 1 0 0 0 0 0 0 0
22 15 1 0 0 0 0 0 0 0
22 15 1 0 0 0 0 0 0 0
22 15 1 0 0 0 0 0 0 0
22 15 1 0 0 0 0 0 0 0
22 15 1 0 0 0 0 0 0 0
22 15 1 0 0 0 0 0 0 0
22 15 1 0 0 0 0 0 0 0
22 15 1 0 0 0 0 0 0 0
22 15 1 0 0 0 0 0 0 0
22 15 1 0 0 0 0 0 0 0
22 15 1 0 0 0 0 0 0 0
22 15 1 0 0 0 0 0 0 0
22 15 1 0 0 0 0 0 0 0
22 15 1 0 0 0 0 0 0 0
22 15 1 0 0 0 0 0 0 0
22 15 1 0 0 0 0 0 0 0
22 15 1 0 0 0 0 0 0 0
22 15 1 0 0 0 0 0 0 0
22 15 1 0 0 0 0 0 0 0
22 15 1 0 0 0 0 0 0 0
22 15 1 0 0 0 0 0 0 0
22 15 1 0 0 0 0 0 0 0
22 15 1 0 0 0 0 0 0 0
22 15 1 0 0 0 0 0 0 0
22 15 1 0 0 0 0 0 0 0
22 15 1 0 0 0 0 0 0 0
22 15 1 0 0 0 0 0 0 0
22 15 1 0 0 0 0 0 0 0
22 15 1 0 0 0 0 0 0 0
22 15 1 0 0 0 0 0 0 0
22 15 1 0 0 0 0 0 0 0
22 15 1 0 0 0 0 0 0 0
22 15 1 0 0 0 0 0 0 0
22 15 1 0 0 0 0 0 0 0
22 15 1 0 0 0 0 0 0 0
22 15 1 0 0 0 0 0 0 0
22 15 1 0 0 0 0 0 0 0
22 15 1 0 0 0 0 0 0 0
22 15 1 0 0 0 0 0 0 0
22 15 1 0 0 0 0 0 0 0
22 15 1 0 0 0 0 0 0 0
22 15 1 0 0 0 0 0 0 0
22 15 1 0 0 0 0 0 0 0
22 15 1 0 0 0 0 0 0 0
22 15 1 0 0 0 0 0 0 0
22 15 1 0 0 0 0 0 0 0
22 15 1 0 0 0 0 0 0 0
22 15 1 0 0 0 0 0 0 0
22 15 1 0 0 0 0 0 0 0
22 15 1 0 0 0 0 0 0 0
22 15 1 0 0 0 0 0 0 0
22 15 1 0 0 0 0 0 0 0
22 15 1 0 0 0 0 0 0 0
22 15 1 0 0 0 0 0 0 0
22 15 1 0 0 0 0 0 0 0
22 15 1 0 0 0 0 0 0 0
22 15 1 0 0 0 0 0 0 0
22 15 1 0 0 0 0 0 0 0
22 15 1 0 0 0 0 0 0 0
22 15 1 0 0 0 0 0 0 0
22 15 1 0 0 0 0 0 0 0
22 15 1 0 0 0 0 0 0 0
22 15 1 0 0 0 0 0 0 0
22 15 1 0 0 0 0 0 0 0
22 15 1 0 0 0 0 0 0 0
22 15 1 0 0 0 0 0 0 0
22 15 1 0 0 0 0 0 0 0
22 15 1 0 0 0 0 0 0 0
22 15 1 0 0 0 0 0 0 0
22 15 1 0 0 0 0 0 0 0
22 15 1 0 0 0 0 0 0 0
22 15 1 0 0 0 0 0 0 0
22 15 1 0 0 0 0 0 0 0
22 15 1 0 0 0 0 0 0 0
22 15 1 0 0 0 0 0 0 0
22 15 1 0 0 0 0 0 0 0
22 15 1 0 0 0 0 0 0 0
22 15 1 0 0 0 0 0 0 0
22 15 1 0 0 0 0 0 0 0
22 15 1 0 0 0 0 0 0 0
22 15 1 0 0 0 0 0 0 0
22 15 1 0 0 0 0 0 0 0
22 15 1 0 0 0 0 0 0 0
22 15 1 0 0 0 0 0 0 0
22 15 1 0 0 0 0 0 0 0
22 15 1 0 0 0 0 0 0 0
22 15 1 0 0 0 0 0 0 0
22 15 1 0 0 0 0 0 0 0
22 15 1 0 0 0 0 0 0 0
22 15 1 0 0 0 0 0 0 0
22 15 1 0 0 0 0 0 0 0
22 15 1 0 0 0 0 0 0 0
22 15 1 0 0 0 0 0 0 0
22 15 1 0 0 0 0 0 0 0
22 15 1 0 0 0 0 0 0 0
22 15 1 0 0 0 0 0 0 0
22 15 1 0 0 0 0 0 0 0
