483 302 180 115 51 15 25 5 5 1 1 0 0 1 6
467 241 178 116 60 30 20 5 3 1 5 1 7 17 39
517 236 109 132 81 22 16 6 4 2 5 2 4 16 38
455 281 124 125 87 22 19 10 3 1 6 1 5 15 36
473 318 124 90 67 34 15 4 2 1 6 1 4 23 28
492 251 185 65 72 26 30 6 5 1 8 1 5 18 25
508 285 161 64 65 10 26 8 2 2 6 1 8 22 22
591 247 101 60 84 16 30 5 3 1 7 1 6 16 22
628 212 91 69 73 17 32 5 3 1 5 1 8 21 24
619 215 83 85 80 14 31 3 2 1 6 1 8 21 21
614 211 99 99 58 15 24 8 3 2 6 1 7 21 22
551 270 122 74 71 11 31 4 3 2 5 1 5 18 22
488 332 152 40 66 21 27 5 2 1 4 1 7 21 23
558 229 180 48 59 15 31 4 3 2 6 1 8 23 23
519 280 128 43 79 41 25 7 2 2 6 1 8 25 24
561 302 102 43 58 27 27 4 2 1 6 1 9 23 24
556 294 115 27 72 26 25 5 4 2 8 1 8 23 24
477 281 155 63 92 27 27 4 2 1 6 1 10 20 24
510 259 178 49 76 22 25 6 2 1 6 1 8 24 23
466 260 196 78 72 21 33 8 4 1 5 1 5 19 21
453 335 140 68 67 23 37 6 2 2 7 1 6 20 23
456 399 77 63 80 20 30 8 2 3 6 1 4 18 23
522 277 113 53 80 34 38 6 4 7 6 2 8 18 22
539 258 127 64 82 20 28 7 5 2 9 1 5 21 22
500 280 131 86 79 15 31 6 5 2 7 1 8 17 22
498 277 171 52 85 18 25 6 2 1 6 1 6 21 21
500 233 224 46 71 18 30 7 4 1 5 1 8 20 22
484 228 212 83 75 12 32 5 3 3 6 1 7 17 22
419 267 220 63 93 27 32 4 3 2 8 2 8 19 23
491 270 168 52 90 20 33 5 4 1 5 1 5 21 24
499 306 124 76 68 22 30 4 2 1 6 1 9 19 23
508 283 168 61 74 9 23 5 2 1 6 1 7 20 22
609 177 139 74 77 20 30 3 2 1 6 1 8 21 22
630 237 87 46 69 15 41 5 3 1 6 1 5 21 23
701 216 54 41 61 26 30 4 2 1 6 1 5 19 23
613 228 96 54 88 17 30 9 3 1 5 1 5 16 24
563 244 76 71 107 27 35 4 4 3 5 1 6 21 23
521 305 121 41 94 20 22 5 3 1 5 1 5 23 23
480 307 167 51 80 11 33 4 2 1 6 1 8 18 21
459 332 133 94 64 11 34 4 4 1 5 1 8 17 23
525 337 82 65 79 10 22 5 3 1 6 1 8 22 24
457 367 78 83 86 20 32 6 6 2 6 1 4 20 22
410 332 142 93 94 18 41 5 2 2 4 1 6 18 22
420 391 94 66 95 29 35 5 2 1 6 1 6 16 23
381 381 120 62 123 28 23 4 4 1 7 1 9 23 23
291 346 232 66 120 39 25 5 4 1 7 1 5 25 23
294 278 298 99 103 20 33 6 3 1 5 1 9 19 21
305 267 260 146 95 15 33 7 2 3 6 1 9 17 24
343 233 268 91 97 30 36 10 4 7 18 2 9 18 24
329 257 221 133 95 25 56 13 3 1 7 1 7 20 22
270 254 292 122 103 26 41 12 3 8 8 1 8 19 23
318 256 217 118 96 62 27 20 7 1 9 1 10 26 22
392 280 172 73 100 58 28 15 3 6 7 1 6 24 25
432 284 171 69 92 31 32 11 4 1 7 1 9 22 24
443 292 148 109 82 14 23 7 2 1 5 2 11 27 24
357 401 148 95 80 18 28 6 2 1 6 1 8 17 22
347 403 104 114 94 17 27 10 11 1 6 1 7 25 23
388 391 157 61 79 21 27 3 2 2 6 1 6 25 21
311 428 178 41 94 29 34 8 3 3 6 1 8 22 24
359 400 158 47 81 38 24 9 5 1 8 1 10 26 23
434 357 77 97 92 26 25 5 8 1 7 1 10 27 23
396 365 112 76 116 22 33 6 3 2 6 2 4 23 24
465 311 90 99 107 16 31 10 4 2 6 1 8 17 23
526 341 65 61 83 17 23 6 5 1 6 1 8 25 22
571 214 137 40 89 27 34 17 2 1 5 1 9 19 24
563 203 178 53 70 19 30 15 2 2 6 2 8 18 21
596 202 113 66 89 19 32 8 2 2 7 1 9 23 21
625 212 105 62 67 17 32 10 4 1 6 1 8 19 21
576 191 122 70 96 22 33 12 2 1 11 1 10 20 23
599 153 145 44 101 25 40 11 5 1 10 2 9 21 24
657 160 88 74 87 32 28 3 2 1 6 1 7 21 23
586 199 136 79 70 21 21 8 2 2 10 2 5 27 22
530 219 147 74 94 9 32 9 5 3 6 1 7 31 23
519 219 138 53 138 21 34 5 3 2 6 1 9 20 22
557 197 114 52 105 42 41 9 4 5 15 2 5 21 21
605 164 125 59 96 33 43 7 2 4 6 1 7 17 21
667 185 92 46 65 18 55 7 3 1 7 1 5 17 21
707 178 93 43 55 16 30 6 6 3 4 1 6 20 22
623 200 129 40 75 20 27 6 5 3 7 1 8 22 24
612 202 154 36 73 15 30 6 3 1 5 1 9 20 23
613 213 122 50 73 15 36 5 4 2 7 1 7 19 23
630 184 111 47 72 17 48 10 4 3 7 2 10 21 24
615 188 110 63 73 24 35 16 6 3 6 1 8 18 24
608 229 116 58 73 12 27 4 2 1 6 1 8 20 25
546 283 87 82 73 22 28 7 3 1 5 1 6 21 25
544 315 71 67 80 10 28 10 2 2 7 1 8 21 24
542 257 103 53 97 24 33 5 8 3 7 2 8 25 23
640 167 138 53 73 14 32 10 2 2 7 1 5 22 24
680 118 106 68 88 32 28 8 3 1 5 1 9 20 23
669 198 99 35 65 25 28 8 6 2 7 1 6 19 22
630 246 107 40 68 9 29 3 4 1 6 1 6 17 23
621 244 97 30 80 17 31 4 2 1 7 2 8 23 23
621 185 107 85 75 16 30 5 2 1 7 1 11 20 24
666 132 138 44 87 13 31 15 3 1 10 1 6 19 24
653 140 159 60 69 9 31 8 3 2 6 1 8 18 23
690 114 152 51 77 16 25 3 2 1 6 1 9 22 21
618 153 142 66 90 29 21 4 4 1 6 1 5 28 22
681 123 125 68 73 16 28 14 2 1 6 1 5 23 24
710 87 84 99 98 12 33 5 2 1 6 1 7 22 23
663 99 171 72 70 14 29 8 7 1 6 1 7 21 21
702 71 195 38 70 14 29 4 3 4 7 1 8 20 24
634 129 127 63 95 29 25 6 5 9 10 8 8 20 22
602 134 151 72 91 20 22 20 7 7 6 11 8 20 19
639 173 97 57 71 30 32 16 4 8 7 9 7 19 21
582 201 159 56 66 12 31 10 4 7 6 12 7 16 21
583 169 171 84 59 17 26 3 4 8 8 10 10 18 20
483 216 226 57 71 28 32 4 4 10 6 10 8 16 19
492 216 212 51 75 19 27 11 7 22 6 11 6 15 20
546 226 179 42 67 18 27 5 6 15 7 9 7 16 20
670 157 122 53 58 25 18 3 5 15 7 10 8 19 20
619 164 126 104 54 13 21 3 4 21 6 11 7 17 20
527 215 153 82 65 30 28 4 5 18 6 12 9 17 19
568 195 139 82 71 24 22 7 4 15 6 10 6 17 24
657 119 173 37 81 15 20 7 5 16 5 9 5 19 22
612 237 114 40 61 16 21 4 4 18 6 12 6 20 19
615 261 71 35 75 11 21 16 4 17 6 11 8 17 22
648 187 112 37 70 23 16 8 5 20 6 11 8 16 23
639 221 109 31 62 13 18 6 7 19 6 12 8 16 23
540 256 115 41 74 23 34 18 5 19 5 12 9 19 20
550 272 95 45 70 28 25 13 11 17 8 10 6 18 22
468 340 104 71 75 25 22 8 4 14 6 9 9 15 20
511 285 93 50 97 27 36 5 5 19 6 12 8 17 19
501 342 90 37 84 25 26 5 3 15 6 10 9 16 21
498 321 137 39 69 16 22 5 5 18 8 8 7 17 20
559 297 69 48 72 25 25 6 7 17 6 12 9 18 20
616 275 69 38 63 20 17 8 6 19 5 10 9 16 19
657 237 59 53 74 8 21 4 4 12 6 11 8 16 20
565 237 134 64 61 15 24 3 10 15 6 11 8 17 20
574 205 107 68 64 38 25 24 5 15 10 12 7 16 20
546 232 116 43 86 23 31 25 6 20 8 11 9 16 18
617 170 115 62 80 16 30 8 5 17 10 9 10 18 23
628 169 116 83 72 16 19 5 4 17 10 12 3 16 20
644 187 109 54 68 22 19 4 5 18 5 11 8 15 21
590 203 129 57 68 23 20 12 6 17 6 12 8 19 20
527 291 106 46 67 25 28 10 6 19 7 12 7 16 23
582 209 110 49 101 20 21 4 7 18 6 16 8 16 23
545 179 144 58 106 17 49 5 7 21 6 9 6 16 22
593 172 87 85 91 17 23 13 25 15 9 11 9 17 23
625 213 94 49 70 24 28 9 5 18 3 9 8 15 20
539 235 140 47 66 37 32 10 2 22 4 10 9 16 21
554 175 129 84 87 34 27 6 7 21 8 9 10 17 22
618 162 104 43 110 30 42 3 2 14 3 11 10 18 20
556 210 121 80 84 21 24 8 1 22 5 13 9 16 20
512 208 132 83 68 39 48 19 2 17 5 13 6 18 20
544 183 126 95 78 43 37 3 2 18 3 10 10 19 19
525 248 126 49 93 45 24 3 1 15 3 13 10 17 18
570 257 69 56 90 26 26 9 3 22 4 11 9 17 21
542 210 93 61 140 23 38 8 2 17 3 8 9 16 20
530 149 125 81 165 31 27 5 1 13 6 11 9 19 18
414 189 148 83 165 48 32 11 8 19 10 13 10 19 21
378 194 97 170 143 61 45 14 8 18 3 10 11 17 21
445 189 125 124 119 33 60 4 8 20 3 11 11 19 19
445 234 121 140 85 46 30 7 4 18 3 12 10 16 19
484 256 118 111 90 20 27 7 1 15 4 12 9 17 19
449 349 95 57 99 19 32 4 6 19 4 11 9 18 19
478 318 110 37 95 40 27 6 1 17 4 10 9 17 21
525 283 101 56 88 20 24 6 6 17 5 10 10 18 21
534 296 74 57 75 44 20 6 1 20 5 9 10 17 22
510 290 123 60 80 18 18 6 3 18 5 13 9 16 21
521 296 98 90 56 27 15 6 2 18 4 14 9 12 22
404 367 158 67 56 28 18 3 2 19 3 17 10 16 22
437 337 131 52 92 29 23 3 3 16 3 17 10 14 23
442 362 156 51 62 16 12 4 1 18 3 16 10 15 22
461 393 106 49 58 20 13 8 2 16 3 15 10 13 23
421 375 123 66 78 30 16 3 1 16 3 16 10 10 22
430 347 155 42 75 29 17 8 5 19 3 16 8 12 24
400 366 127 44 82 37 42 10 3 18 3 10 9 16 23
433 306 175 45 91 20 26 7 2 22 4 7 10 19 23
468 252 169 52 92 19 54 7 2 15 3 11 10 16 20
480 221 200 47 91 23 36 14 1 19 4 9 10 16 19
536 195 125 63 80 32 51 13 16 19 3 9 10 20 18
510 247 120 65 89 24 44 10 2 17 3 11 10 19 19
461 250 161 103 63 24 37 8 4 18 4 12 9 16 20
424 290 95 160 71 28 29 11 1 19 5 11 10 17 19
461 319 141 67 67 27 19 7 1 17 3 11 10 18 22
392 421 104 55 74 35 26 3 1 18 3 12 10 13 23
440 430 74 55 64 19 17 4 1 21 3 16 10 15 21
444 375 119 58 64 15 23 7 5 18 3 11 10 16 22
455 298 162 83 60 18 20 7 2 21 3 10 10 19 22
479 208 211 53 83 34 28 7 3 21 4 11 10 17 21
537 243 130 37 110 24 32 3 2 17 3 10 10 17 15
553 223 139 62 72 22 31 8 4 21 6 10 8 17 14
502 252 128 67 81 33 29 7 4 25 4 14 10 19 15
432 323 139 55 65 52 32 10 3 21 5 10 9 18 16
500 252 138 54 82 48 26 4 4 26 4 11 10 16 15
481 233 166 51 108 26 28 15 3 17 5 14 12 18 13
490 220 127 79 108 56 24 6 4 20 3 10 10 17 16
521 179 157 48 110 34 38 21 3 20 4 14 10 17 14
613 214 134 28 66 26 26 12 2 17 3 11 10 14 14
456 286 193 52 63 21 33 16 2 15 3 10 10 16 14
442 329 160 49 62 26 28 13 6 18 3 10 10 17 17
454 380 116 38 70 29 19 5 3 14 3 10 10 19 20
392 444 95 46 90 21 21 5 1 13 3 11 10 18 20
385 386 141 73 78 20 22 4 3 15 3 9 11 18 22
454 333 115 50 69 49 29 6 1 19 3 15 10 14 23
479 289 159 40 83 35 17 8 2 16 4 11 11 14 22
541 226 152 58 80 22 28 4 2 18 4 12 9 15 19
550 245 139 56 58 22 32 7 1 20 4 9 10 18 19
566 184 128 83 78 29 32 10 4 17 3 10 10 15 21
520 224 128 93 75 26 27 5 6 19 9 10 9 16 23
496 350 106 45 66 20 18 4 1 18 3 10 11 19 23
542 329 93 42 63 17 19 4 2 15 3 12 10 15 24
454 356 116 45 91 23 20 3 1 20 3 10 10 16 22
432 370 140 50 75 16 20 6 1 16 3 10 10 20 21
465 304 151 76 71 16 17 9 1 18 4 9 10 18 21
472 296 156 73 68 21 26 5 1 16 3 11 10 14 18
483 269 159 56 79 28 28 5 1 19 3 12 10 18 20
479 237 135 97 79 51 26 6 3 16 3 10 10 18 20
478 196 149 126 83 36 28 6 11 16 4 11 10 16 20
433 247 142 103 106 44 26 10 3 14 3 12 10 17 20
357 292 223 102 59 17 50 6 3 18 4 11 10 17 21
377 245 275 101 63 22 19 6 2 16 5 12 9 19 19
324 225 265 120 89 24 30 6 18 21 3 14 13 16 22
418 208 163 123 138 29 21 3 3 18 4 15 10 15 22
447 246 142 98 125 20 22 8 2 15 3 11 10 17 24
460 270 145 69 109 23 22 10 1 20 3 11 10 15 22
471 307 108 49 115 32 23 3 1 18 4 12 9 19 19
455 347 102 54 86 37 24 3 1 17 3 10 11 20 20
425 381 108 68 76 18 24 7 2 21 4 11 10 16 19
458 364 106 50 76 19 24 9 4 20 4 12 10 16 18
460 317 82 110 84 30 25 3 1 18 3 13 10 15 19
459 319 135 57 88 22 21 6 2 17 4 10 9 18 23
440 339 198 39 54 19 21 3 1 17 3 12 10 15 19
462 281 181 59 62 41 21 8 4 12 3 11 9 16 20
490 285 136 30 111 25 21 9 1 20 4 11 8 18 21
484 292 149 59 73 23 22 5 2 19 5 11 9 17 20
423 357 148 59 70 26 23 4 2 19 3 11 10 18 17
354 353 191 75 73 29 35 3 1 20 4 11 9 17 15
443 324 149 61 58 24 44 7 2 24 3 8 11 16 16
470 209 264 64 64 17 25 5 1 17 3 8 10 14 19
386 201 301 63 91 22 34 5 2 23 4 12 10 16 20
365 136 370 38 130 34 25 7 1 20 4 11 9 17 23
390 216 266 72 120 14 22 4 5 22 3 9 10 15 22
379 210 236 80 136 25 35 9 1 15 8 11 9 18 18
381 280 143 74 147 29 31 10 10 21 5 11 10 18 20
423 316 111 88 103 31 21 10 4 21 4 11 9 18 20
518 256 127 48 88 42 23 7 1 20 3 9 10 15 23
531 294 110 54 61 29 20 6 1 21 3 10 10 17 23
443 315 159 47 79 30 30 9 2 13 5 10 10 17 21
433 308 209 44 57 26 23 10 1 15 4 12 9 16 23
488 258 216 27 73 23 18 5 1 17 3 13 10 15 23
447 299 164 51 76 13 48 7 2 22 3 10 10 15 23
468 270 157 65 88 29 17 8 5 18 3 13 10 17 22
497 253 202 22 71 20 27 11 6 19 4 11 10 15 22
408 281 207 42 88 37 29 6 7 22 3 13 10 18 19
345 296 162 118 104 40 34 5 8 16 3 11 10 19 19
376 307 120 114 121 25 21 20 3 16 8 14 10 15 20
411 220 173 92 141 24 28 23 4 15 4 10 9 16 20
397 203 139 91 158 38 38 32 10 19 6 12 10 18 19
409 233 167 77 129 26 37 10 16 21 4 12 12 18 19
479 174 147 94 134 25 39 7 13 20 3 9 10 16 20
408 156 174 166 145 24 24 11 6 15 4 9 9 18 21
401 171 215 118 138 26 30 9 1 18 3 11 10 19 20
444 188 145 106 141 37 40 8 1 17 4 10 9 18 22
553 123 129 83 160 24 36 6 1 18 3 9 10 16 19
508 181 136 97 100 48 34 10 3 16 4 8 10 15 20
619 168 82 88 86 43 24 5 2 14 3 10 10 17 19
695 136 81 90 73 14 21 3 2 15 4 11 9 18 18
621 149 60 150 87 14 23 4 3 18 5 9 10 18 19
598 181 87 107 83 28 28 7 1 10 5 9 9 17 20
632 229 75 63 69 16 27 7 1 9 6 10 9 17 20
636 183 109 70 60 25 25 10 3 8 3 10 10 18 20
614 199 65 129 65 17 20 7 1 8 5 10 10 19 21
585 193 83 136 67 19 32 12 1 7 4 7 9 16 19
531 252 88 101 89 25 32 7 2 8 3 10 9 16 17
600 210 103 48 102 25 25 5 1 7 4 10 10 17 23
515 234 134 59 81 57 33 5 1 10 4 12 9 16 20
569 227 94 38 97 51 24 9 4 15 4 9 10 17 22
571 293 65 28 87 36 21 7 2 16 3 11 10 20 20
675 191 70 44 69 41 28 5 1 8 3 8 10 17 20
630 235 92 37 61 17 39 10 1 10 3 10 10 16 19
593 249 115 49 65 22 23 6 2 7 3 9 9 17 21
669 194 94 43 69 16 21 4 1 19 3 11 10 17 19
618 198 147 44 60 23 19 3 1 18 3 9 10 17 20
677 165 145 31 57 13 22 4 1 17 3 8 10 17 20
645 229 119 20 56 17 20 5 1 17 4 11 10 17 19
698 172 105 34 60 15 24 4 1 18 4 11 9 16 19
665 179 108 50 59 18 25 7 2 19 4 11 9 14 20
704 139 119 53 56 15 21 3 1 18 3 10 10 16 22
714 103 118 52 74 27 21 3 3 13 5 10 8 19 20
708 91 88 46 88 28 34 12 15 17 5 9 9 18 22
635 178 96 53 81 34 28 10 1 15 3 7 10 16 23
512 267 102 80 86 29 25 6 2 19 4 10 9 19 20
553 273 107 56 74 15 22 5 1 20 4 13 9 19 19
587 196 137 59 74 18 29 6 3 16 5 11 10 20 19
582 227 122 55 79 17 21 5 1 18 6 10 9 15 23
497 239 141 78 61 61 22 4 7 17 4 9 9 18 23
492 299 115 77 79 24 22 3 1 15 4 9 10 17 23
508 264 151 63 82 15 21 6 1 18 3 8 10 17 23
531 306 129 34 56 18 23 10 2 20 3 10 10 17 21
587 251 115 36 65 26 22 10 1 17 3 12 10 16 19
544 255 175 31 62 16 21 6 1 18 3 11 10 18 19
550 324 89 33 65 27 18 3 2 18 3 10 10 18 20
478 347 104 63 61 20 33 5 3 15 3 10 10 17 21
567 274 119 46 59 24 18 5 1 19 3 12 10 15 18
607 187 139 54 62 31 27 7 4 17 3 10 10 13 19
567 228 121 56 86 24 27 3 5 14 3 10 10 16 20
674 207 44 57 85 18 19 7 1 15 4 13 10 17 19
697 225 41 34 62 24 19 5 1 19 3 12 10 19 19
668 215 72 44 59 15 26 7 2 19 5 10 9 18 21
575 194 83 108 102 17 22 7 8 18 3 7 10 14 22
573 241 107 63 66 24 25 10 3 17 6 10 7 16 22
571 253 120 57 69 18 17 3 1 18 4 9 9 19 22
603 230 106 50 71 23 21 8 1 15 4 10 10 18 20
606 234 78 58 83 19 19 5 3 22 3 10 11 19 20
572 260 95 68 66 22 24 6 1 15 3 12 11 17 18
492 248 135 74 72 49 28 11 2 20 3 9 10 17 20
528 222 110 72 81 54 24 8 3 25 3 9 11 19 21
569 253 81 58 80 43 23 7 2 17 3 9 10 17 18
671 265 44 32 53 18 27 3 1 19 3 8 10 16 20
716 172 78 45 61 14 25 6 1 14 3 10 10 16 19
772 140 71 31 59 13 27 3 1 15 3 8 10 18 19
687 164 48 75 69 27 28 9 9 19 3 7 10 15 20
677 207 83 45 58 16 20 4 2 18 4 11 9 20 16
714 165 48 65 76 17 27 6 1 17 3 10 10 17 14
636 133 87 115 78 37 25 5 1 16 4 11 8 20 14
551 198 101 112 67 42 34 8 3 20 3 9 10 15 17
558 190 96 112 70 38 44 10 2 16 3 10 10 16 15
556 220 98 98 64 28 37 13 1 17 4 11 10 18 15
538 234 102 70 81 61 28 5 1 17 4 10 9 16 14
485 260 104 70 91 50 39 12 7 17 5 8 10 17 15
522 197 160 70 71 34 48 9 3 19 3 8 10 16 20
492 259 133 65 76 42 34 8 4 16 3 8 11 18 21
533 271 130 46 77 23 23 8 1 17 3 10 10 17 21
559 254 112 41 96 23 19 4 1 19 4 10 9 16 23
502 313 113 44 76 31 21 8 1 18 3 13 10 15 22
514 300 123 53 66 34 16 6 1 16 4 11 9 16 21
436 247 209 67 77 32 30 7 1 19 4 10 11 16 24
515 273 176 39 64 16 12 7 2 18 3 17 10 15 23
587 186 169 42 71 35 19 4 2 11 3 13 10 15 23
561 169 154 75 70 31 32 15 1 18 4 11 10 20 19
529 102 194 94 95 49 34 12 5 12 5 12 9 18 20
475 95 200 171 105 31 24 7 2 20 4 10 9 17 20
515 109 235 106 94 22 21 4 2 17 4 11 12 17 21
569 145 187 81 66 25 24 7 4 19 3 12 10 17 21
617 137 149 53 102 19 23 9 1 19 3 11 10 17 20
541 225 144 86 68 20 22 5 1 17 3 9 10 17 22
627 187 107 72 74 19 22 6 1 16 4 11 9 16 19
567 284 113 49 55 15 23 6 1 16 3 11 10 16 21
541 297 90 54 68 17 26 11 2 19 3 12 11 16 23
568 281 74 78 61 25 21 4 1 15 4 13 9 16 20
518 303 104 65 62 26 27 6 2 15 3 12 10 13 24
524 330 92 45 79 17 18 5 1 17 3 11 10 17 21
490 332 124 46 65 18 26 4 4 19 3 12 10 16 21
531 324 93 50 65 20 19 3 2 21 3 11 10 19 19
546 334 69 54 60 18 21 7 1 20 3 11 10 16 20
621 257 72 65 60 15 19 4 2 16 3 12 10 15 19
654 184 111 53 77 11 23 3 2 15 4 9 10 15 19
667 187 99 33 72 17 20 4 8 20 4 8 10 18 23
565 207 145 41 90 41 18 5 1 16 3 9 9 16 24
546 158 159 74 103 45 17 4 2 19 4 11 9 15 24
706 98 82 56 89 55 22 5 1 15 4 12 8 17 20
673 124 95 83 71 18 39 10 1 16 3 11 10 17 19
716 126 63 66 66 26 34 3 5 20 4 10 10 22 19
607 153 125 37 97 46 29 8 9 16 4 12 9 19 19
525 222 174 51 78 22 26 5 1 17 6 11 11 18 23
545 200 169 49 71 38 20 7 2 22 5 16 10 14 22
614 145 133 85 64 20 35 7 4 21 3 11 10 17 21
669 145 108 40 70 17 46 7 1 24 3 10 10 17 23
652 199 101 38 69 19 29 4 1 17 4 10 10 17 20
687 221 42 59 66 14 22 4 2 14 3 11 10 15 20
657 279 36 31 61 19 23 3 2 16 3 9 10 21 20
601 284 41 39 83 25 20 13 2 18 4 9 9 20 22
579 256 105 49 77 22 16 6 2 17 4 11 9 17 20
594 307 65 29 67 14 18 8 1 23 4 10 9 17 24
551 346 72 24 57 27 24 4 3 18 4 10 9 20 21
541 270 142 42 75 15 22 4 1 16 5 13 9 17 18
530 242 160 63 61 20 29 8 4 16 4 11 8 15 19
520 224 163 67 81 27 24 6 1 16 3 11 10 16 21
475 233 174 56 80 55 22 7 7 19 3 12 10 17 20
426 239 148 89 103 46 27 15 15 19 4 10 11 17 21
455 172 175 107 97 40 36 17 12 17 4 10 11 15 22
597 164 113 100 74 23 20 9 6 22 3 12 10 14 23
580 166 119 80 85 35 33 10 1 18 3 9 10 18 23
585 156 108 68 90 69 26 7 1 17 4 13 10 16 20
606 137 120 43 106 53 31 8 4 20 3 8 10 19 22
580 208 136 53 75 31 23 4 3 15 4 11 10 18 19
669 201 69 48 65 34 23 5 3 15 4 11 10 14 19
618 227 56 70 96 21 16 8 3 13 4 12 9 17 20
667 227 68 52 56 16 24 4 1 16 3 12 10 16 18
602 235 104 53 51 15 36 7 6 20 3 10 10 18 20
650 172 67 87 77 20 26 9 3 17 3 10 10 18 21
701 166 96 45 63 16 20 4 2 12 4 10 9 20 22
780 119 80 29 67 10 21 5 1 16 3 12 11 16 20
777 91 46 35 101 36 22 8 1 14 4 12 9 16 18
772 89 47 52 91 30 27 4 2 16 3 9 10 15 23
782 117 41 50 77 18 19 3 3 17 3 12 10 17 21
635 157 96 58 107 29 33 3 1 12 3 9 10 16 21
670 189 72 64 68 21 24 4 2 15 4 12 9 17 19
681 151 101 45 76 23 27 3 1 19 5 10 10 17 21
635 239 65 36 82 27 25 6 2 19 4 7 8 14 21
635 219 81 38 93 18 20 4 1 18 4 10 9 17 23
622 157 89 83 119 11 21 10 1 16 4 11 9 18 19
638 204 94 52 77 19 26 4 2 14 3 9 10 17 21
582 228 93 80 88 15 22 8 3 14 4 9 9 16 19
589 224 89 87 68 18 29 4 2 19 3 12 10 17 19
581 240 62 62 81 30 21 31 2 16 3 11 10 17 23
605 222 91 49 65 26 24 22 8 17 4 12 10 15 20
598 164 109 100 77 26 28 9 5 14 3 12 11 14 20
596 123 125 120 85 28 26 5 3 17 4 10 10 17 21
589 184 98 111 77 24 22 6 2 20 3 10 9 15 20
551 209 120 67 88 31 29 14 4 17 3 11 10 15 21
501 181 161 75 117 26 31 20 1 16 3 11 10 18 19
486 183 198 70 75 54 37 9 4 15 3 10 10 15 21
451 209 158 129 95 30 26 10 1 22 3 8 9 16 23
482 232 157 67 91 30 27 19 3 19 6 9 11 16 21
508 258 138 49 78 25 32 10 4 21 8 11 10 16 22
582 215 131 55 72 25 23 6 1 20 3 12 10 13 22
544 177 152 95 65 19 30 12 6 25 4 16 9 13 23
573 187 141 86 62 20 25 15 4 16 4 12 9 14 22
513 244 150 65 63 41 21 4 2 19 4 20 9 13 22
526 278 82 41 105 30 30 8 5 19 6 14 11 12 23
501 293 100 61 88 26 25 10 6 17 5 11 9 15 23
506 282 101 79 62 30 25 10 5 21 3 20 10 13 23
566 218 103 105 56 21 26 8 1 19 3 17 8 15 24
541 241 124 79 66 18 19 9 2 18 4 28 5 10 26
563 153 193 68 60 30 20 5 6 18 3 23 9 14 25
490 216 186 96 56 24 23 5 1 20 3 20 10 16 24
457 269 206 54 47 19 35 6 3 18 3 21 10 19 23
407 302 220 45 83 20 14 8 1 15 3 23 10 16 23
458 284 201 42 63 24 18 5 4 19 3 21 10 14 24
400 352 181 33 68 16 38 6 3 20 3 18 11 18 23
408 309 210 35 69 27 29 5 3 23 3 17 10 19 23
377 310 219 66 69 29 23 4 1 19 4 16 10 20 23
475 215 238 52 62 23 29 3 1 21 4 18 9 16 24
463 175 308 44 60 15 24 6 2 20 3 21 10 15 24
486 185 290 37 42 14 26 4 3 22 3 20 10 24 24
498 196 255 40 52 21 22 7 1 17 3 23 10 21 24
548 187 221 44 39 16 21 5 3 21 3 25 10 24 23
607 155 163 53 67 25 19 8 1 17 3 24 10 16 22
568 211 123 84 65 20 18 3 2 22 3 22 11 15 23
537 233 105 58 93 28 21 12 1 20 5 21 10 22 24
575 222 91 54 89 31 22 5 1 21 3 22 10 20 24
673 278 29 21 49 14 25 4 1 19 3 18 10 22 24
633 285 67 18 45 15 23 6 1 20 4 18 10 21 24
641 230 96 36 39 21 19 6 1 19 4 22 10 22 24
689 198 78 31 55 23 26 4 1 17 5 18 10 12 23
693 197 79 34 45 21 21 4 1 18 3 21 10 19 24
625 275 52 48 50 18 18 3 2 19 3 24 10 20 23
626 253 64 41 46 23 28 6 1 18 7 18 11 25 23
523 308 105 50 53 19 31 6 1 19 3 21 10 17 24
544 310 101 62 39 15 19 4 1 19 3 24 10 17 22
581 264 82 63 49 20 27 7 1 18 4 22 9 19 24
589 242 93 51 59 15 33 4 5 19 4 17 10 26 23
573 279 82 47 56 18 30 4 2 20 3 17 10 25 24
511 287 108 100 44 16 26 6 1 21 4 17 9 17 23
545 233 87 104 53 29 33 5 4 24 4 18 10 17 24
560 260 92 57 57 23 33 11 8 17 4 18 9 16 25
538 208 152 74 72 25 23 8 1 16 4 19 9 17 24
561 191 114 65 96 30 27 5 4 22 4 23 10 15 23
588 158 145 37 100 32 31 4 2 16 6 18 8 20 25
597 173 145 58 44 49 23 7 1 19 3 19 9 20 23
652 109 143 94 37 29 26 5 2 17 3 17 10 23 23
578 205 139 63 44 33 30 6 1 22 3 15 10 19 22
603 235 60 57 76 22 29 6 1 23 3 20 10 22 23
584 273 40 72 51 28 30 10 4 18 3 19 10 24 24
598 280 52 70 40 15 28 3 2 18 4 17 9 31 23
588 219 108 66 53 20 25 5 2 20 3 22 11 24 24
584 243 90 62 37 31 32 4 1 28 3 18 10 24 23
608 251 83 65 47 15 25 4 1 18 3 16 10 23 21
570 199 133 44 75 28 34 6 5 21 3 17 10 22 23
606 244 91 32 61 29 27 4 1 19 3 20 10 20 23
528 265 123 56 48 22 35 8 5 23 3 21 10 22 21
548 264 127 50 45 21 22 10 2 20 4 21 10 23 23
558 206 188 35 43 17 29 4 8 21 4 16 14 24 23
568 173 190 63 43 20 29 7 2 20 3 17 10 23 22
571 160 190 59 56 23 35 4 1 18 3 17 10 19 24
516 210 211 61 51 20 18 4 1 20 3 23 10 20 22
424 291 172 76 81 17 18 9 1 18 3 24 10 24 22
355 320 159 144 72 17 20 5 4 20 3 19 10 18 24
444 357 116 74 50 19 19 7 1 23 5 21 10 21 23
448 345 121 85 47 20 18 4 1 22 3 21 10 22 23
499 267 95 80 81 40 25 6 3 17 5 20 10 18 24
655 129 82 57 86 50 23 6 2 20 3 21 11 20 25
644 174 67 55 70 45 22 6 1 22 3 21 10 29 21
659 204 57 34 64 55 23 4 1 20 4 16 9 19 21
588 231 118 27 84 19 24 3 1 21 3 16 10 21 24
618 234 95 45 49 20 23 6 1 21 3 19 10 22 24
611 217 79 50 86 18 30 3 1 21 3 15 10 23 23
620 243 47 35 94 17 25 5 1 26 3 20 10 20 24
640 236 57 46 69 23 25 3 2 18 4 16 11 16 24
638 197 122 24 62 23 22 6 1 14 3 22 10 22 24
568 238 142 50 48 25 26 3 1 17 3 18 10 17 24
508 245 141 66 71 35 24 3 2 21 4 18 9 20 23
546 303 119 40 43 18 24 4 1 20 4 19 10 15 24
553 235 111 82 63 18 17 10 1 20 3 23 10 23 21
561 180 169 75 60 24 21 3 2 16 4 22 10 19 24
544 159 149 108 62 21 39 5 2 22 4 17 9 25 24
560 178 154 55 92 26 27 4 2 17 3 17 11 20 24
504 231 142 90 47 27 37 6 2 20 3 17 10 30 24
600 165 132 103 43 12 24 5 3 17 4 22 9 28 23
637 135 122 59 46 35 31 16 13 22 4 18 9 19 24
686 136 75 37 62 25 40 27 4 20 4 18 10 22 24
561 227 80 86 69 26 35 15 3 17 3 18 10 16 24
667 209 48 48 54 30 24 10 2 20 4 20 10 19 25
601 244 74 34 65 21 29 15 3 29 5 18 7 23 22
613 228 76 39 46 41 19 22 8 20 4 23 12 15 24
656 200 77 36 43 28 19 35 1 21 3 21 10 18 22
587 250 91 50 77 18 21 5 1 19 3 20 10 17 21
586 211 97 94 65 19 22 6 2 17 3 20 10 17 21
587 239 123 29 67 18 20 5 1 18 3 26 11 20 23
590 241 89 48 44 30 32 9 1 21 4 21 9 27 24
615 254 64 38 53 19 30 13 4 22 3 16 10 23 26
639 278 65 32 33 19 21 4 1 25 3 20 10 19 21
618 283 55 48 41 17 24 4 1 20 4 19 10 22 24
553 318 64 35 67 20 21 13 4 20 3 19 11 18 24
615 250 98 28 57 19 28 3 1 16 3 19 10 20 23
664 235 69 37 34 15 25 3 2 21 3 20 11 27 24
601 227 76 61 77 24 23 3 1 21 3 19 10 22 22
637 217 74 57 48 25 26 6 3 20 4 20 9 20 24
575 216 95 79 64 21 32 7 4 20 3 17 10 23 24
651 193 73 70 53 16 28 7 1 22 3 16 10 23 24
613 238 117 43 38 18 26 5 1 19 3 16 10 19 24
589 222 162 31 41 15 24 3 2 23 5 21 10 18 24
630 217 135 28 28 18 23 3 2 23 3 21 10 25 24
681 186 101 34 31 16 27 11 1 22 3 20 10 24 23
652 143 125 67 36 10 31 11 16 23 4 17 9 22 24
571 203 174 43 45 18 29 7 3 19 3 21 10 21 23
599 217 154 39 35 20 25 3 1 15 3 19 10 25 25
672 189 100 45 46 17 22 4 1 18 4 20 9 19 24
610 240 102 50 46 17 23 6 1 18 5 18 10 20 24
682 189 84 31 54 23 26 8 1 21 3 15 10 20 23
601 248 78 56 50 20 28 4 1 23 3 22 10 21 25
567 241 112 75 51 18 23 5 1 22 3 18 10 20 24
508 239 131 92 72 21 28 7 2 16 4 20 10 19 21
396 339 163 71 70 19 23 13 1 24 3 17 10 18 23
378 364 105 104 71 26 26 9 2 19 3 20 10 28 25
313 402 104 142 78 24 33 4 1 18 3 18 10 17 23
251 405 161 121 69 38 32 16 5 22 3 18 10 17 22
261 404 137 87 121 36 34 12 3 20 6 19 11 16 23
265 387 225 60 94 32 28 7 1 17 3 17 10 21 23
278 430 188 45 77 23 40 9 1 19 3 21 9 23 24
375 373 187 55 41 22 41 4 2 16 3 15 10 22 24
381 366 187 57 53 19 29 4 4 16 3 17 11 18 25
448 330 136 69 60 14 26 4 2 22 3 18 10 25 23
440 339 175 44 38 20 32 7 2 20 3 16 10 22 22
471 290 199 38 47 18 30 4 2 19 4 16 10 19 23
444 346 157 41 49 20 33 4 2 19 3 15 10 24 23
435 330 131 57 74 18 27 20 3 23 4 18 9 16 25
479 309 117 62 65 23 34 6 5 20 3 17 10 18 22
478 305 112 75 57 13 28 25 5 19 6 18 9 18 22
532 280 89 54 38 22 49 24 5 23 4 19 9 19 23
500 239 165 61 46 31 25 13 9 21 3 18 11 25 23
469 213 195 98 56 32 25 5 1 17 4 20 10 22 23
433 263 167 111 59 20 27 4 1 24 3 17 10 26 25
441 254 216 62 59 31 21 3 3 21 4 22 11 17 25
589 205 148 60 45 20 27 6 2 18 4 18 9 15 24
599 173 163 41 52 30 19 4 2 22 4 21 9 27 24
608 169 89 83 64 25 39 10 1 22 5 18 10 23 24
557 146 165 75 82 32 32 7 1 20 4 18 9 19 23
543 151 133 58 109 34 48 10 3 19 4 20 10 24 24
475 126 249 73 97 38 38 7 2 17 5 16 9 16 22
516 230 130 57 71 26 40 16 5 19 4 19 10 24 23
504 234 141 55 51 26 46 29 3 19 3 17 10 28 24
557 139 201 73 81 18 26 6 1 20 4 18 9 13 24
486 142 232 40 107 31 37 11 1 31 3 19 10 16 24
379 206 193 97 91 45 42 20 14 22 4 19 9 25 24
481 171 138 98 91 43 41 23 6 22 3 18 10 21 24
444 293 110 46 76 61 38 12 12 20 4 19 9 22 24
498 257 190 45 42 23 29 8 2 22 5 14 9 23 23
523 173 182 74 52 20 50 12 2 24 6 17 10 20 25
491 209 157 63 76 30 43 17 6 26 6 18 9 16 23
439 197 142 115 94 46 30 15 5 26 3 19 12 23 24
423 219 143 130 76 45 35 13 1 25 3 18 10 26 23
393 231 163 107 68 65 35 26 2 20 3 17 10 26 24
462 258 137 73 50 38 51 9 14 20 7 19 9 19 24
469 300 127 39 73 33 33 13 9 21 3 18 10 18 24
517 258 106 55 97 16 32 8 5 13 3 19 10 28 23
519 211 122 81 68 15 37 24 6 22 3 17 10 32 23
544 167 115 103 100 17 31 13 2 22 5 18 10 21 22
562 144 101 104 72 45 57 7 1 21 5 19 12 16 24
520 116 192 85 70 53 35 10 6 23 3 21 11 22 23
547 150 130 93 72 55 35 16 2 21 3 18 10 14 24
590 129 141 89 56 47 33 11 2 19 3 16 10 20 24
603 148 70 110 64 37 33 19 2 31 4 17 10 19 23
631 116 98 135 29 36 30 8 1 22 3 19 10 28 24
595 130 171 67 45 25 49 8 2 18 4 17 10 25 24
577 107 203 116 41 26 26 3 1 16 3 17 10 22 22
590 157 178 62 42 32 23 5 1 21 4 18 9 23 25
584 180 172 74 38 15 21 5 1 20 4 23 9 20 24
613 150 174 52 36 25 28 6 2 21 5 18 10 27 23
633 176 149 61 29 19 20 3 1 20 4 19 9 26 21
611 229 132 39 37 21 19 5 1 20 3 22 10 19 22
581 190 151 64 51 23 26 5 2 20 5 18 9 20 25
617 207 139 38 38 17 23 7 7 21 3 23 10 16 24
679 137 118 48 44 35 26 3 1 18 3 24 10 21 23
675 141 106 62 56 13 29 9 2 19 3 21 10 20 24
678 204 84 32 39 19 25 6 1 18 4 17 9 30 24
613 224 133 25 52 18 25 4 1 17 4 23 10 17 24
554 245 141 36 65 12 19 11 1 20 3 23 10 27 23
482 269 179 47 49 22 31 4 1 20 5 17 11 30 23
388 378 163 49 54 27 23 6 1 20 4 24 9 21 23
504 346 108 45 36 25 23 3 1 18 3 23 10 22 23
513 293 120 32 31 45 43 10 4 19 4 16 10 26 24
561 218 100 37 48 31 39 51 7 20 4 20 10 20 24
503 267 118 66 61 19 21 23 13 19 3 22 11 22 22
378 373 124 55 98 26 32 10 3 18 3 16 11 18 25
452 326 116 48 63 31 21 16 11 25 5 22 10 20 24
365 384 130 61 88 28 29 5 2 21 3 19 11 20 24
394 320 137 71 69 46 33 11 10 24 6 19 9 18 23
351 319 164 99 64 26 34 16 16 23 5 22 9 18 24
353 318 170 68 69 35 57 9 13 22 5 19 10 19 23
355 305 190 96 70 25 34 6 4 22 5 18 10 25 25
398 344 128 110 52 16 29 6 4 20 4 19 10 26 24
377 395 148 55 65 26 22 6 1 19 3 20 9 20 24
302 347 243 94 48 26 20 10 2 19 4 23 10 21 21
355 320 228 67 70 16 29 6 1 25 5 19 10 16 23
460 329 142 66 51 16 33 6 1 16 4 16 9 19 22
471 260 205 58 40 23 26 6 3 22 3 17 10 23 23
484 208 181 73 73 39 27 7 1 20 4 22 10 16 25
488 193 174 62 90 21 45 13 8 23 4 19 10 16 24
509 166 211 75 71 23 26 4 7 20 3 18 10 23 24
469 156 248 59 48 18 63 12 2 23 5 22 12 30 23
482 171 222 72 27 37 61 12 5 22 4 18 9 25 23
473 233 151 100 39 54 29 6 3 20 4 23 9 22 24
500 184 172 94 41 48 40 4 2 21 3 23 11 24 23
532 198 132 89 47 52 29 5 1 25 3 20 10 24 23
433 248 104 112 64 79 31 7 9 23 4 22 10 21 23
409 269 72 166 80 47 32 8 4 18 3 26 11 21 24
470 304 72 134 50 31 18 5 1 21 3 24 10 23 24
497 259 73 172 41 18 28 3 2 23 3 19 10 18 24
482 245 78 168 68 23 25 5 1 21 3 20 10 18 23
457 228 72 159 92 38 39 4 3 17 3 19 10 23 26
449 261 93 144 81 27 27 7 1 21 4 18 9 24 24
426 268 107 115 75 30 45 11 6 21 3 21 10 27 25
401 293 145 87 63 68 33 4 1 20 3 17 10 21 24
455 240 167 54 99 33 38 8 5 20 4 17 9 18 23
476 209 114 83 76 43 50 19 12 29 6 20 9 19 25
498 237 167 65 62 28 28 9 1 19 3 16 10 23 24
494 234 112 105 77 37 32 8 4 19 5 18 10 12 23
502 184 71 149 127 27 24 8 1 20 4 20 9 20 24
501 140 101 94 172 35 37 10 5 21 3 17 10 20 24
486 200 114 79 111 67 35 6 1 19 3 16 10 20 23
482 230 135 93 97 29 37 3 1 16 3 18 10 12 24
486 276 124 90 60 19 33 6 1 19 4 16 9 23 24
459 257 192 70 58 29 27 6 1 20 3 14 10 20 24
421 305 164 73 64 29 20 6 2 19 3 24 10 26 24
467 281 125 52 74 46 31 7 12 18 4 16 9 25 23
437 307 142 39 70 37 42 12 6 19 3 21 10 22 23
431 324 71 117 50 48 22 18 2 21 4 22 10 27 23
439 313 91 117 56 24 29 7 12 20 4 25 11 21 21
385 266 136 121 72 40 22 26 20 24 6 26 9 14 23
431 185 179 102 113 74 17 9 1 12 3 21 10 10 23
471 173 131 142 82 75 32 3 2 8 3 22 8 14 24
509 182 101 185 80 24 20 6 1 6 3 23 10 18 22
530 180 141 108 84 17 23 7 1 8 3 22 10 34 22
553 183 172 61 67 17 29 3 2 7 3 22 11 38 22
517 191 123 129 61 17 33 12 1 9 5 17 11 36 28
493 274 108 99 53 18 23 12 10 8 4 24 9 31 24
514 319 104 57 49 15 22 5 3 8 4 23 10 33 24
536 340 82 37 45 24 19 7 1 11 4 24 9 28 23
521 310 122 40 53 21 19 4 9 17 6 22 10 14 22
556 292 107 37 38 20 17 5 11 24 3 23 10 23 24
514 271 171 41 37 18 28 5 3 17 3 17 10 33 22
480 268 137 60 84 29 27 5 1 19 3 18 9 27 23
430 319 123 79 70 37 26 6 2 22 3 17 11 20 25
442 290 115 113 52 29 36 4 3 23 3 22 11 23 24
379 342 133 127 41 27 30 7 4 18 3 20 10 25 24
339 347 134 150 52 32 29 7 2 19 3 18 9 26 23
405 284 212 101 37 26 27 3 2 21 4 16 10 19 23
400 337 186 66 58 17 27 5 2 18 3 20 10 17 24
468 319 170 56 38 15 29 3 1 18 3 15 10 21 24
535 268 145 61 29 21 22 4 1 25 3 20 10 23 23
548 250 112 37 45 41 43 11 2 21 6 20 10 20 24
538 236 117 64 64 30 34 6 2 22 3 20 9 22 23
630 171 124 51 35 31 25 8 5 22 5 20 10 28 25
563 208 69 53 58 87 33 9 4 27 3 23 10 20 23
526 244 74 61 58 97 20 7 4 18 6 21 12 19 23
523 238 93 47 99 56 22 7 1 20 4 24 10 22 24
458 270 166 93 62 16 17 3 2 20 3 25 10 23 22
408 355 112 83 91 12 19 4 2 21 3 22 11 25 22
436 345 121 60 83 10 25 5 1 20 3 25 11 21 24
454 240 168 43 116 26 30 5 6 23 7 17 9 22 24
506 208 211 51 47 26 33 5 3 17 3 18 10 28 24
514 251 173 63 39 18 23 10 2 20 4 21 10 20 22
572 205 154 68 41 19 19 6 2 23 3 21 10 25 22
522 234 148 69 52 32 24 7 1 19 4 19 9 27 23
537 260 94 88 50 31 26 6 2 22 3 17 10 20 24
507 242 159 77 61 17 33 6 2 18 3 17 9 14 25
495 254 164 66 58 18 32 6 2 19 3 17 10 23 23
602 152 152 45 76 39 30 5 1 23 4 16 9 13 23
633 92 195 41 59 31 32 6 2 24 3 19 10 19 24
612 139 175 48 48 32 28 7 2 21 3 18 9 23 25
628 94 164 44 84 37 41 6 1 18 4 20 9 16 24
616 107 125 85 98 20 21 12 3 21 3 24 10 22 23
579 127 129 106 82 24 26 10 5 19 5 23 9 23 23
550 156 79 143 84 23 35 7 5 24 4 21 11 25 23
480 193 111 140 66 39 37 16 6 20 4 19 9 26 24
481 196 161 88 83 39 25 9 7 21 4 22 9 21 24
464 263 193 57 49 34 22 3 2 21 3 24 10 21 24
493 259 194 41 60 16 22 5 3 20 4 18 10 22 23
514 195 199 71 52 19 25 5 1 22 3 19 10 31 24
464 312 159 33 65 23 26 9 2 20 4 18 9 23 23
521 265 122 60 65 15 30 9 1 22 4 18 9 26 23
536 246 92 82 66 20 34 8 8 18 6 20 8 23 23
554 263 59 76 49 20 52 14 1 23 4 18 9 25 23
639 187 88 29 74 28 33 12 1 21 3 16 16 20 23
656 213 43 40 62 20 40 11 9 17 4 19 9 24 23
618 198 93 56 51 37 30 9 3 18 3 18 10 23 23
562 180 92 74 85 39 39 11 2 19 3 16 10 34 24
642 151 63 72 87 33 36 5 7 18 5 16 11 21 23
626 118 115 64 91 41 35 6 1 21 5 19 9 16 23
486 220 137 101 81 35 37 6 5 13 3 18 10 14 24
493 277 67 107 86 29 24 7 1 20 3 22 10 21 23
462 341 55 123 64 15 22 5 2 21 4 22 9 23 22
574 325 47 73 25 14 17 4 2 21 3 24 10 29 22
537 341 62 30 77 19 21 4 6 19 4 22 9 18 21
510 256 130 53 80 32 23 4 1 24 4 22 9 20 22
523 234 125 57 86 39 21 5 1 21 3 20 10 23 22
557 196 118 102 69 26 24 4 1 21 3 21 11 14 23
602 179 118 61 96 16 19 3 2 20 3 23 10 13 25
584 211 160 52 49 17 17 5 1 22 4 21 9 16 22
619 219 142 25 57 23 18 3 1 15 3 20 10 12 23
595 214 137 47 55 25 27 4 1 17 3 19 10 13 23
505 271 149 62 65 19 24 4 2 16 4 17 10 18 24
530 257 134 67 55 19 25 7 1 20 5 19 10 17 24
476 290 111 84 55 38 30 8 2 17 4 18 10 23 24
446 403 83 55 61 17 26 6 1 15 3 22 10 17 25
464 291 154 73 60 19 30 9 2 18 3 19 9 16 23
490 280 75 123 83 19 16 9 2 17 5 24 8 15 24
510 249 92 138 51 21 19 8 1 18 4 25 10 21 23
615 209 78 81 43 16 35 8 2 17 5 19 9 28 25
653 233 74 35 41 20 24 4 2 18 3 19 12 26 26
588 277 77 40 43 33 30 3 2 15 3 17 10 29 23
631 192 145 38 46 15 20 3 1 21 3 23 10 19 23
555 144 230 78 41 13 33 3 1 17 3 16 11 22 23
542 170 201 69 62 18 26 6 1 20 3 18 10 19 25
609 151 151 61 55 28 26 10 2 21 4 18 10 22 22
585 270 64 81 40 19 25 5 1 22 3 17 10 24 24
595 262 70 50 46 37 25 5 1 21 3 19 10 22 24
600 264 80 49 38 15 24 5 5 24 5 22 10 24 25
574 282 69 40 49 34 30 7 1 21 3 19 10 27 24
517 289 66 62 75 46 27 5 3 22 3 19 10 22 24
516 278 75 72 66 36 42 5 2 20 4 19 9 24 22
547 212 175 47 62 18 26 3 1 22 3 16 10 25 23
543 273 144 29 55 17 22 6 1 16 3 19 10 28 24
588 217 151 24 37 26 35 5 5 23 4 20 10 22 23
517 236 210 39 38 18 31 5 1 18 3 17 10 24 23
500 201 251 40 40 23 23 5 1 23 3 19 10 25 26
575 263 142 36 32 17 17 4 1 21 3 24 10 21 24
592 253 107 50 60 13 17 3 1 18 4 22 9 17 24
521 307 132 46 47 14 18 7 2 19 3 21 10 19 24
503 319 135 46 28 23 18 7 1 18 4 22 9 32 25
462 365 102 56 62 20 20 3 1 19 3 23 10 22 22
486 381 111 33 37 19 17 4 1 17 3 24 10 23 24
412 434 111 44 42 19 27 4 1 20 4 19 9 20 24
384 410 144 53 45 17 28 4 3 20 3 15 13 27 24
356 474 128 53 38 14 23 5 1 20 3 21 10 22 22
376 418 124 64 68 15 22 12 2 17 3 22 10 16 21
417 381 141 76 40 17 16 4 2 20 3 22 10 18 23
386 444 109 73 35 15 19 6 1 20 5 21 10 22 24
375 454 69 76 69 25 16 6 2 21 3 23 9 18 24
439 376 44 67 95 32 32 4 7 20 3 22 10 18 21
569 225 81 90 79 21 21 7 4 19 3 20 11 19 21
484 274 101 117 62 21 19 6 2 24 4 25 10 19 22
586 177 131 88 51 21 23 6 3 21 3 23 11 23 23
646 147 126 50 50 35 25 11 1 20 3 19 10 24 23
627 195 90 73 53 22 24 4 4 22 4 19 10 19 24
721 190 58 45 39 14 27 3 1 18 4 17 9 20 24
633 195 110 48 62 15 24 3 1 24 4 18 9 19 25
662 189 110 46 41 14 22 5 2 19 3 19 10 24 24
742 115 100 47 44 18 26 4 1 17 4 18 9 21 24
663 175 73 66 67 22 27 4 1 22 4 16 9 17 24
672 178 63 77 41 20 28 5 2 21 4 17 9 28 25
677 187 102 43 45 14 28 6 1 17 4 16 9 18 23
648 250 64 40 27 18 29 8 1 18 3 17 10 35 22
614 229 128 34 39 21 19 4 3 19 3 20 9 24 24
586 182 154 83 41 20 20 6 2 19 3 22 10 19 23
639 143 123 43 70 31 22 11 9 20 5 24 9 18 23
688 105 109 60 61 29 23 9 1 18 3 22 10 27 25
719 141 74 63 44 20 20 7 5 18 4 23 9 21 22
697 159 69 62 46 16 26 9 1 22 4 22 9 24 24
660 198 72 43 38 30 40 6 2 21 3 15 10 29 23
652 202 86 44 37 29 30 5 2 22 4 20 11 23 23
637 238 73 40 38 21 32 8 2 21 3 15 10 28 24
649 219 79 42 58 14 26 3 1 18 3 21 10 24 23
561 323 85 42 42 17 23 5 1 20 3 15 11 19 23
612 230 89 63 48 22 34 4 3 18 4 18 9 14 22
612 231 75 73 38 27 28 5 1 20 4 20 9 24 23
592 180 68 120 64 38 22 8 2 17 5 21 9 19 25
631 214 39 118 41 17 21 6 1 17 3 23 10 25 24
546 240 85 103 42 33 25 9 1 27 4 22 10 21 22
497 269 101 56 55 54 32 16 1 19 3 23 10 30 24
480 286 95 69 51 58 33 11 4 25 3 21 10 22 22
481 283 111 62 42 77 32 5 1 15 3 17 10 29 22
459 292 97 81 59 63 28 5 1 25 3 19 10 23 25
398 265 144 132 84 24 31 6 2 16 3 19 10 32 24
479 279 134 106 46 20 26 4 1 12 3 17 9 31 23
461 296 161 58 65 17 21 3 3 22 3 20 10 27 23
407 240 252 66 80 16 27 3 2 22 3 18 10 21 23
429 255 238 41 77 25 26 11 4 18 3 17 10 13 23
429 337 188 32 48 19 28 8 4 17 3 18 11 24 24
438 284 199 41 58 23 33 17 3 22 3 19 11 16 23
432 283 169 65 42 29 34 26 4 19 4 19 10 30 24
548 264 103 51 40 43 35 5 1 22 4 19 9 22 24
631 213 113 31 37 29 34 4 1 18 4 18 10 24 23
617 178 136 47 34 29 46 5 1 21 3 16 9 25 23
610 147 167 49 55 22 30 4 2 21 3 20 10 26 24
570 177 192 39 41 34 30 6 5 22 4 15 9 23 23
530 165 238 55 33 24 33 5 3 21 6 18 9 27 23
536 245 168 30 48 32 29 6 3 18 3 17 10 21 24
658 89 181 37 37 25 63 5 2 20 3 17 10 19 24
649 76 124 95 53 19 42 20 9 21 3 22 10 23 24
565 105 205 66 46 29 42 25 2 19 4 23 10 25 24
555 147 186 63 47 25 35 19 3 28 9 18 10 21 24
561 181 142 34 90 18 24 27 2 29 5 18 10 25 24
526 234 114 74 64 27 37 8 4 25 5 16 11 20 25
520 239 77 120 60 39 24 7 2 25 3 21 10 20 23
520 189 120 122 65 33 30 7 4 16 3 19 10 28 24
592 129 190 84 41 19 26 7 1 21 3 18 11 25 23
637 109 168 65 45 27 33 6 3 21 3 16 10 24 23
633 84 132 115 67 25 32 7 1 20 4 18 9 19 24
657 130 134 69 50 20 20 6 5 20 4 22 10 20 23
707 171 68 52 43 21 25 6 1 22 3 18 10 18 25
627 178 96 82 34 39 26 7 2 23 3 17 10 22 24
526 158 149 114 47 40 44 7 1 23 4 16 11 26 24
545 99 226 124 38 21 26 11 2 20 4 18 10 22 24
602 114 132 127 58 16 26 12 4 20 3 21 10 22 23
609 155 158 78 39 23 21 6 1 21 4 20 9 22 24
640 113 129 93 61 22 21 7 2 20 6 22 9 22 23
629 109 142 93 56 30 19 6 1 20 4 24 10 23 24
594 227 82 79 62 25 19 5 1 20 3 21 10 20 22
600 261 35 65 67 23 39 11 2 22 3 16 10 14 22
658 167 70 74 74 18 28 4 3 15 4 20 10 23 22
669 170 88 37 63 17 40 10 3 20 4 16 9 21 23
662 171 117 33 46 15 21 10 10 24 3 24 10 21 23
625 252 101 22 38 23 26 5 1 17 4 18 9 25 24
680 183 88 40 50 13 27 4 1 24 4 21 10 22 23
686 145 119 53 36 21 21 4 2 21 3 21 10 25 23
646 118 149 77 46 21 25 3 1 22 3 17 10 26 26
682 96 124 60 63 20 27 9 4 25 4 23 10 21 22
595 246 113 46 34 19 24 6 2 23 3 22 10 23 24
650 262 70 37 31 17 19 4 2 19 4 23 10 20 22
688 204 61 43 48 20 21 5 5 19 3 20 10 19 24
647 220 95 30 49 28 18 10 1 21 4 21 10 15 21
694 192 76 36 52 13 22 7 2 18 3 23 10 18 24
610 276 57 51 43 29 19 4 1 19 3 24 10 22 22
575 303 91 39 37 23 20 6 1 19 4 19 9 21 23
576 283 119 28 42 21 16 7 1 19 4 24 10 17 23
637 274 54 34 54 16 20 4 1 17 4 19 9 22 25
633 245 50 60 52 23 19 9 5 21 4 22 9 15 23
649 214 87 49 42 18 24 5 2 23 4 19 9 21 24
616 241 79 68 41 25 21 5 1 22 3 23 10 14 21
703 186 56 69 42 14 17 4 1 19 3 24 11 18 23
758 171 44 33 31 19 17 5 1 21 3 22 9 32 24
710 158 80 30 64 21 27 9 2 22 3 15 10 16 23
709 193 66 19 69 12 26 4 1 17 3 17 10 20 24
651 239 49 44 61 14 30 6 1 23 3 16 10 20 23
616 256 67 58 39 17 28 9 3 20 3 20 10 21 23
520 328 80 48 50 31 27 6 1 22 3 18 10 23 23
597 263 76 51 51 24 28 4 1 19 3 20 13 17 23
593 207 120 70 63 19 27 4 2 20 3 13 10 16 23
602 197 91 76 65 33 30 4 1 19 3 15 10 21 23
544 240 141 80 33 21 26 4 1 18 3 18 10 27 24
606 251 96 34 63 19 28 4 2 20 3 14 11 16 23
678 254 49 23 31 11 28 8 1 19 4 21 11 28 24
701 247 30 30 42 19 24 3 1 19 3 17 10 20 24
631 253 101 25 41 18 17 5 1 18 3 23 10 20 24
585 248 142 32 49 15 21 6 1 16 4 21 10 17 23
546 242 136 74 61 19 20 4 1 18 5 21 11 11 21
566 210 173 51 53 18 19 5 3 22 3 19 10 17 21
580 177 182 59 52 17 20 3 2 19 3 25 10 18 23
644 128 152 81 36 19 25 4 1 24 3 18 10 22 23
597 123 134 133 42 23 25 8 6 21 3 20 10 21 24
592 133 126 116 38 31 42 4 8 24 3 19 10 21 23
708 104 118 69 35 24 30 3 4 21 3 16 9 22 24
755 107 117 28 31 18 29 3 2 19 4 18 10 25 24
647 232 111 22 33 16 25 5 2 19 3 16 9 27 23
546 267 164 29 36 17 26 4 3 16 3 16 10 29 24
504 266 183 56 37 16 28 3 1 23 3 15 10 22 23
554 230 161 38 46 29 29 8 1 18 3 16 10 23 24
534 235 196 33 39 25 29 3 2 15 3 14 10 28 24
483 343 130 39 53 18 26 7 2 20 5 18 9 14 23
454 367 113 51 51 28 16 5 1 19 4 25 9 23 24
471 301 160 62 68 11 23 3 1 19 3 19 10 16 23
414 332 178 50 55 19 27 19 1 22 3 15 10 21 24
448 320 125 86 43 20 38 7 3 20 4 22 9 21 24
419 412 90 72 53 19 31 5 2 16 3 18 10 17 23
340 440 88 106 75 12 29 5 4 19 3 20 11 16 22
320 405 108 141 65 23 29 11 1 17 4 17 10 17 22
331 425 94 106 70 23 30 4 1 23 3 17 10 29 24
326 406 114 138 61 19 28 3 1 20 3 19 10 18 24
296 406 145 119 64 21 32 10 2 18 3 18 10 22 24
319 341 201 103 65 36 25 6 3 20 3 22 10 13 23
329 354 189 83 89 27 17 5 2 17 5 24 9 17 23
313 297 217 131 77 17 30 10 1 21 4 22 9 17 24
303 281 253 93 85 30 43 4 2 20 5 17 9 22 23
334 252 267 71 81 39 45 4 2 18 3 17 10 24 23
363 272 186 70 106 52 32 7 3 23 3 18 10 22 23
399 336 193 50 49 33 26 7 1 23 6 17 9 16 25
403 224 243 86 66 40 25 5 1 18 3 21 10 22 23
376 239 229 108 85 26 29 6 2 17 4 16 10 18 25
425 190 224 107 62 31 35 16 1 20 4 17 10 24 24
483 160 184 149 51 34 34 3 1 19 3 18 11 16 24
519 210 155 84 57 44 31 7 3 16 3 16 9 11 25
520 251 176 57 43 16 26 6 5 20 3 16 10 17 24
504 281 151 47 57 17 25 7 1 19 5 22 10 19 25
555 250 105 79 50 19 30 4 2 19 3 17 10 22 25
525 357 73 52 45 14 18 4 1 16 3 24 10 23 25
577 294 81 61 42 14 19 3 1 19 3 21 10 22 23
688 185 89 46 32 18 21 5 1 18 4 21 9 28 25
657 220 79 46 48 19 23 7 1 16 3 22 10 16 23
644 264 83 27 44 14 14 3 1 18 3 22 10 18 25
661 271 45 34 44 19 19 3 1 19 4 23 9 15 23
648 206 65 41 64 22 27 10 3 23 4 21 11 23 22
577 204 98 96 51 39 18 6 1 21 6 23 8 20 22
448 303 122 94 50 19 21 20 4 23 4 24 9 27 22
384 308 179 104 47 16 32 4 9 21 3 23 11 26 23
443 219 245 73 42 27 27 4 5 22 3 17 10 30 23
423 254 226 70 54 23 27 10 2 23 4 18 9 23 24
473 281 161 88 36 14 30 4 3 18 3 19 10 26 24
482 283 160 68 44 16 35 6 2 19 3 19 10 20 23
544 266 134 30 47 19 35 13 6 21 3 17 10 21 24
644 227 87 31 42 29 22 4 3 21 4 19 9 24 24
626 193 65 75 67 30 21 4 3 19 3 24 10 27 23
523 200 141 110 64 21 31 8 1 18 4 20 9 16 24
580 212 102 99 63 13 21 4 1 17 3 22 10 22 21
580 202 107 89 47 27 28 8 7 20 3 16 10 23 23
577 181 134 76 55 26 23 9 1 20 3 22 10 29 24
585 235 104 46 61 23 21 7 2 19 3 25 10 27 22
574 254 112 38 54 19 26 9 1 24 4 20 11 20 24
608 211 101 76 46 14 24 5 1 23 5 21 9 23 23
633 132 96 106 63 32 31 5 1 21 4 17 10 17 22
673 124 98 77 50 21 36 9 7 20 3 20 10 18 24
687 77 118 88 39 16 42 10 2 28 6 19 10 23 25
606 171 160 39 51 19 36 4 1 15 4 20 10 30 24
576 173 189 45 45 17 36 4 1 18 5 19 8 32 22
583 232 112 42 41 41 31 4 5 21 4 19 11 21 23
659 216 57 45 56 27 28 8 1 19 3 17 10 20 24
611 218 48 78 67 25 28 7 7 20 3 17 10 28 23
624 193 44 86 68 34 24 12 4 19 4 21 11 23 23
538 168 57 82 124 77 41 6 1 18 3 17 10 25 23
510 177 81 140 110 37 26 14 2 15 4 19 9 22 24
578 138 122 98 89 37 26 4 1 18 3 19 10 24 23
538 101 193 129 46 47 24 6 6 19 5 22 10 21 23
490 147 164 110 42 57 43 13 3 24 12 20 10 32 23
518 194 161 78 64 19 33 8 13 17 5 21 10 25 24
580 187 163 54 66 15 21 3 4 18 3 18 10 26 22
572 223 115 47 80 16 32 5 3 22 3 17 10 21 24
521 276 103 75 67 19 28 3 1 28 3 18 11 14 23
525 236 160 74 51 16 23 9 2 20 4 21 9 18 22
506 331 108 33 58 26 28 5 3 19 4 20 9 16 24
497 340 87 66 58 16 22 5 2 24 3 20 11 16 23
551 329 75 36 64 17 28 4 1 19 3 18 10 14 21
484 386 111 27 39 15 24 6 1 21 4 16 9 25 22
515 277 166 41 48 14 25 3 1 21 4 18 9 24 24
475 299 158 48 41 33 28 6 3 21 3 19 10 23 23
524 234 117 69 48 46 33 16 3 22 3 17 9 25 24
497 272 198 48 30 16 27 5 2 18 3 14 10 27 23
455 264 181 94 51 19 23 6 1 20 3 19 10 20 24
459 269 207 57 51 29 26 4 2 17 4 17 9 15 24
472 309 132 59 51 38 24 6 4 17 4 18 9 23 24
484 258 124 74 53 46 30 10 5 17 3 20 10 32 24
456 298 161 62 38 37 24 5 2 23 3 21 10 26 24
556 244 93 54 54 38 38 19 4 21 6 17 9 13 24
562 252 105 50 55 23 41 6 2 18 3 18 10 21 24
689 199 66 53 44 17 23 3 2 21 3 19 10 17 24
614 191 68 105 63 18 32 3 4 17 3 17 11 20 24
705 94 90 94 59 14 31 9 1 22 3 19 10 16 23
601 183 123 82 55 16 17 8 1 21 4 23 9 23 24
576 215 107 93 46 16 20 8 1 22 3 23 10 28 22
553 217 117 84 70 18 31 4 1 19 3 22 10 18 23
505 238 132 88 78 22 27 4 1 18 4 22 9 18 24
447 305 152 55 68 22 33 3 3 23 4 21 10 20 24
355 318 184 87 77 34 29 5 1 22 3 16 10 25 24
396 280 147 65 107 49 33 15 4 20 4 18 10 19 23
479 299 100 69 73 34 26 5 1 22 3 20 10 25 24
489 366 79 48 63 19 25 4 1 19 3 18 10 22 24
534 332 72 58 49 17 23 6 2 21 3 18 10 21 24
610 278 63 34 58 13 25 6 1 23 3 18 10 25 23
613 273 54 42 49 16 30 9 6 22 4 19 10 20 23
510 345 88 54 34 19 31 5 2 19 3 17 10 29 24
593 258 100 45 34 25 25 6 1 12 3 19 11 34 24
676 198 86 47 41 15 21 5 2 17 3 22 10 24 23
688 183 80 46 42 28 23 3 1 23 3 19 10 17 24
650 194 60 80 53 21 33 7 1 18 3 19 10 18 23
585 252 75 79 42 29 28 6 1 20 3 18 10 18 24
587 254 64 74 42 30 29 7 1 28 4 19 10 18 23
688 160 91 57 44 22 27 6 1 19 4 17 9 22 23
707 177 95 22 37 19 24 4 1 17 3 21 10 29 24
667 184 93 37 38 29 30 6 4 19 4 22 10 24 23
678 173 92 50 40 33 21 5 4 17 3 22 10 20 22
646 192 127 46 41 16 17 3 2 13 4 26 9 24 24
608 249 86 72 29 15 19 4 1 19 5 24 9 27 23
576 262 108 57 38 21 31 5 1 21 3 16 10 18 23
577 204 162 46 57 14 29 4 1 20 3 18 9 20 26
507 258 178 28 68 19 30 4 1 20 3 17 10 22 25
520 253 137 34 77 33 24 10 2 19 5 20 10 22 24
498 254 154 50 88 20 30 9 1 18 4 15 10 17 22
537 196 181 45 62 28 34 7 6 20 3 16 10 20 25
535 201 143 54 92 29 31 7 1 19 6 19 10 20 23
506 246 127 79 75 21 27 8 5 18 3 17 10 24 24
522 156 164 59 70 67 36 13 3 19 3 17 10 27 24
613 173 114 64 67 26 28 5 2 22 3 17 11 22 23
641 158 131 55 50 21 26 5 1 21 3 19 10 25 24
580 170 147 89 48 20 28 5 2 22 4 15 12 24 24
570 222 137 65 42 26 26 4 3 20 4 17 9 21 24
593 176 165 73 40 19 24 3 1 19 3 20 9 21 24
582 141 154 83 65 38 29 6 3 19 4 17 9 17 23
478 144 216 131 64 31 24 9 1 17 7 17 10 19 22
561 174 145 110 36 21 27 8 5 25 4 17 9 24 24
