0.7598813 0.9387633 0.2329729 2.404754 0.1846616 4.137556 0.07883233 0.7075826 0.4464096 0.9630291 1.420593 0.937008 0.4331085 0.6058158 0.6494265
0.4796961 0.9136955 0.1116807 2.939421 0.1133503 2.792919 0.01597676 0.9341208 0.2817428 0.06145786 0.7143043 0.6169651 0.07868493 0.343788 0.06429934
0.4034479 0.7809001 0.1235194 3.869409 0.07302678 0.8588312 0.01423001 0.7225656 0.3903051 0.07593269 0.8515761 0.4782287 0.05324203 0.2396213 0.04651635
0.2840397 0.9237521 0.1314019 2.839017 0.04456098 0.8033263 0.009806742 0.6574853 0.3013458 0.07048 0.6879122 0.6630637 0.067696 0.3765558 0.04610775
0.1763559 0.9033577 0.1191074 3.727156 0.03894493 1.110047 0.009061509 0.706585 0.2913685 0.08209996 0.6774817 0.5698253 0.04441321 0.3271638 0.05318212
0.1860129 1.03062 0.1215393 3.795992 0.02753772 1.090872 0.009058455 0.6305982 0.3741534 0.06718187 0.773174 0.5224842 0.08303897 0.3121282 0.08872874
0.1828205 0.9026022 0.1319537 2.323886 0.03520246 1.089498 0.008826255 0.7289508 0.3853395 0.0749703 0.9226956 0.7864477 0.04714459 0.2014617 0.04417128
0.1993551 1.067539 0.1186756 4.041712 0.03273072 0.8109601 0.009271085 0.6209874 0.3497141 0.08934075 0.9416536 0.6016799 0.05734669 0.374143 0.05024214
0.1857912 1.071455 0.1042793 3.927187 0.03590085 1.210847 0.008725619 0.7608011 0.3853027 0.1253015 0.6796913 0.7353071 0.04453308 0.249112 0.04266271
0.2228066 0.9283953 0.1039928 3.678905 0.03874258 1.283264 0.008084309 0.7702051 0.4326933 0.1425396 0.7698556 0.5663889 0.05025815 0.3323455 0.06915405
0.2266256 0.8514735 0.06631272 3.298967 0.03416152 0.9900787 0.009394371 0.7697087 0.3243341 0.1709494 0.8237195 0.6030674 0.04771016 0.2976666 0.0791702
0.2271786 0.9410148 0.09452175 3.056849 0.03615187 1.277099 0.008277925 0.7191293 0.3437167 0.1454442 0.8128034 0.574183 0.0540146 0.4325111 0.05021032
0.2757206 0.8612448 0.08498088 4.105592 0.0407646 1.293539 0.007065836 0.7972659 0.3083666 0.1240006 0.7090352 0.7599065 0.04979732 0.3489164 0.1106862
0.3711551 0.7449488 0.06741246 4.711326 0.02989817 1.200702 0.007738509 0.7444368 0.2864836 0.1288552 0.8860719 0.5114545 0.04940768 0.2722626 0.0431496
0.2411479 0.8239248 0.05883002 2.44595 0.02810971 1.203433 0.007134487 0.8772934 0.3443191 0.1255026 0.6210071 0.3812159 0.06209095 0.1495762 0.05236066
0.2789629 0.9479171 0.04608015 3.156087 0.03014463 1.189669 0.007578728 0.7218856 0.3493971 0.1340318 0.8517678 0.4849645 0.05731494 0.09498618 0.04497334
0.2388427 0.7844921 0.04829367 3.094183 0.02600731 1.037877 0.007160515 0.774829 0.2819163 0.1420262 0.6903356 0.4690526 0.06060212 0.08148037 0.06241075
0.1731163 0.7385233 0.03913663 3.014198 0.02628922 1.211975 0.007480136 0.6558381 0.2573388 0.1303441 0.7624698 0.4457385 0.07933617 0.04093735 0.06993996
0.2005714 0.7349333 0.03450378 3.571549 0.02880686 1.147708 0.006981796 0.8007586 0.3053682 0.1167233 0.7736236 0.4343516 0.07102665 0.04802159 0.0794376
0.1534998 1.010322 0.03908623 3.957674 0.0271141 1.31295 0.007627776 0.8277853 0.3513679 0.1271916 0.8025074 0.4006289 0.06988257 0.04213246 0.09525294
0.1552306 0.884317 0.03584823 2.941645 0.02510361 1.042339 0.00777128 0.7117992 0.3353761 0.1386745 0.6834285 0.4245552 0.06269102 0.0643763 0.08605087
0.1847302 0.863792 0.04490312 3.903218 0.02179433 1.378745 0.007577024 0.7922571 0.3536888 0.1576481 0.7192576 0.425877 0.0635756 0.1571427 0.09166731
0.199536 0.9722452 0.04108467 3.580944 0.0227705 1.430332 0.006985925 0.9764813 0.4266504 0.1509689 0.6965513 0.4258146 0.0666068 0.0608461 0.07021701
0.1793479 0.795331 0.05099644 3.874118 0.02868676 1.201753 0.007046215 1.059619 0.4119203 0.1280686 0.8439187 0.3659582 0.04461871 0.03408793 0.07314043
0.2196108 0.9331417 0.04613579 4.343256 0.02599748 1.160283 0.007183409 0.8103853 0.3936233 0.1257803 0.7001778 0.3428675 0.0521784 0.1893707 0.07970602
0.205326 0.7799972 0.04203528 3.706528 0.02825735 1.411633 0.006647968 0.7090023 0.425831 0.1136706 0.6260108 0.4094029 0.06479993 0.07679045 0.09799539
0.2070631 0.8711376 0.04745518 3.939127 0.02673146 1.450441 0.007292245 0.6563587 0.355881 0.1302681 0.7493279 0.4184662 0.1116958 0.04094384 0.09802241
0.2121838 0.9164006 0.03445246 3.148334 0.02826618 0.9321114 0.007462326 0.7181506 0.3027722 0.1452584 0.6232116 0.4848799 0.05355897 0.06784071 0.06058639
0.1704377 0.825686 0.040302 2.992588 0.02701122 1.123726 0.006947113 0.8359404 0.3495235 0.1669789 0.7798211 0.4648326 0.05531355 0.05374843 0.08001401
0.1717619 0.9319208 0.03138954 3.004938 0.02055288 1.269823 0.006805828 0.750125 0.3434403 0.147768 0.7927969 0.4025171 0.06869187 0.03143997 0.07619017
0.1969346 0.9765191 0.04070836 3.768357 0.0262443 1.044042 0.006661271 0.7625543 0.3791745 0.1281372 0.6529822 0.4946591 0.09165928 0.07125433 0.08885656
0.2000385 0.9533007 0.03552852 2.819008 0.02877763 1.350037 0.006485053 0.9743168 0.4514652 0.1174523 0.6154933 0.4540219 0.04975767 0.09654665 0.06754608
0.1696297 0.9093282 0.04562423 3.451957 0.02219444 1.434306 0.008632766 1.016369 0.4303435 0.1275895 0.8494106 0.4299635 0.05193654 0.06542025 0.08615902
0.1919243 0.8350482 0.04015732 2.534063 0.02443323 1.379852 0.008337389 0.8342787 0.4724201 0.136847 0.7395618 0.4099516 0.1275103 0.07050463 0.08651915
0.1949786 0.8675891 0.04980069 3.15485 0.02697255 1.123712 0.008162638 0.7721074 0.3788843 0.1442152 0.581349 0.4240615 0.1308456 0.06213647 0.07854726
0.1872413 0.9104355 0.03982983 4.529837 0.03108069 1.314706 0.0076453 0.9461647 0.3821724 0.1400706 0.7685255 0.4591385 0.05305585 0.0404738 0.09754386
0.175882 0.9827345 0.0443744 3.655776 0.02815582 1.161703 0.007006205 0.7915768 0.4344716 0.1178453 0.7737888 0.4199661 0.07659306 0.04923283 0.0878869
0.1610825 0.9108582 0.03918062 3.463929 0.02415151 1.156566 0.007760113 0.881693 0.4052207 0.123575 0.6714151 0.4314282 0.08845191 0.03999447 0.07215658
0.1844174 0.7466856 0.05186504 3.372941 0.02329041 1.404109 0.007187522 0.8291023 0.4270048 0.1485781 0.895733 0.4363392 0.05313163 0.0531853 0.0714794
0.1712061 0.8724398 0.04121214 3.518194 0.02742239 1.579932 0.007222109 0.7489399 0.4161011 0.1413125 0.7122278 0.561503 0.06336519 0.06929251 0.08684957
0.1802437 0.9065582 0.04633279 2.856284 0.02741066 1.197104 0.007295539 0.8798944 0.4319435 0.1571593 0.7843591 0.4324798 0.04058842 0.07000783 0.09445988
0.198896 0.9556207 0.04103545 3.016433 0.02809565 1.311586 0.006198309 0.9729029 0.4139814 0.1531424 0.7980147 0.3713648 0.05945958 0.03823873 0.07933762
0.197542 0.9015485 0.04385764 3.297062 0.02763542 1.067035 0.007434361 1.097334 0.4232465 0.1250331 0.7562889 0.4392708 0.05468548 0.05360307 0.0829252
0.1891086 0.9738903 0.0389976 3.977672 0.02909642 1.321448 0.006775639 0.9405238 0.4312485 0.1443715 0.6535072 0.4828202 0.03939802 0.05095566 0.09323217
0.2025713 0.8053201 0.04847858 3.961509 0.02600329 1.178895 0.007187661 0.8482867 0.3891203 0.1064333 0.807732 0.3048986 0.04066582 0.05100707 0.1342937
0.1883258 0.9123682 0.04631715 2.794149 0.02435905 1.105683 0.006411434 0.7911598 0.3318263 0.133202 0.7843228 0.3964666 0.05330203 0.05102021 0.08324179
0.207061 0.8840187 0.0437769 3.458887 0.0252354 1.25784 0.006899805 0.7329047 0.2759664 0.1222117 0.6403361 0.3606899 0.04976826 0.09775487 0.07347526
0.2179781 0.8268073 0.04733016 3.042968 0.03180832 1.352091 0.007308805 0.7536798 0.3274797 0.1240159 0.7902356 0.4039912 0.2212425 0.07462602 0.09674802
0.2065601 0.7769954 0.04009639 2.880347 0.02598589 1.041424 0.006498388 0.7362947 0.3505314 0.1201209 0.7463238 0.4182977 0.0602863 0.06592349 0.102536
0.1881091 0.9205965 0.0517038 3.355097 0.02509316 1.060579 0.006542972 0.712331 0.3493951 0.1470564 0.67528 0.4332999 0.05387936 0.1249818 0.08435669
0.1972429 1.009635 0.05162107 3.693347 0.02490268 1.024398 0.007384641 0.8300348 0.4028836 0.1518786 0.7311001 0.461672 0.04956559 0.04780363 0.06005811
0.1805607 0.8318633 0.04338599 2.981494 0.02773572 1.274087 0.007340432 0.7813444 0.3780681 0.135331 0.6925741 0.4070625 0.07867446 0.06814439 0.06764878
0.2051945 0.800903 0.04314571 2.918302 0.02824324 1.04734 0.007813262 0.7859073 0.4190415 0.1324754 0.616968 0.4491196 0.07746668 0.07200311 0.07066999
0.1860874 0.97953 0.04229531 3.443032 0.02688464 1.032996 0.00662673 0.9148453 0.3801444 0.1336737 0.741586 0.5115191 0.07187387 0.06772349 0.07638332
0.1758471 0.8681631 0.05746324 3.576878 0.02364018 1.228647 0.007352087 0.8264551 0.3804058 0.1421423 0.8531555 0.4894297 0.07485222 0.05361483 0.06951721
0.1933212 0.8693754 0.04983275 3.313351 0.0257808 1.101622 0.008082857 0.8179465 0.3849866 0.1216972 0.7304957 0.4521848 0.06967706 0.1029003 0.09286702
0.1753698 0.8260953 0.04016786 3.436944 0.02387 1.127291 0.007801366 0.787278 0.3814198 0.141053 0.8577115 0.4469384 0.08829231 0.05139422 0.07636764
0.1729358 0.7530815 0.04015049 3.938054 0.02726682 1.36701 0.006102121 0.7581675 0.3809257 0.1061389 0.7919635 0.4271429 0.05228995 0.08112273 0.08199916
0.1826382 0.9015693 0.04762265 3.182813 0.02707148 1.129298 0.006942936 0.6980793 0.3429843 0.125869 0.6586867 0.3813726 0.05500236 0.09165665 0.07879017
0.1742149 0.963758 0.04404186 4.499335 0.02455555 1.514813 0.007147338 0.6174935 0.3200091 0.1354272 0.6413866 0.5239349 0.05350416 0.04861696 0.09948901
0.240962 0.8398245 0.04815941 3.614055 0.02558484 1.992182 0.007178312 0.5868339 0.2707846 0.1176296 0.7799011 0.3909409 0.09841532 0.08418199 0.06608466
0.3095635 0.9310158 0.05281728 2.816178 0.02451864 2.439236 0.007893907 0.6438701 0.228407 0.1447025 0.6452526 0.4763484 0.06903991 0.07381161 0.06916902
0.3227975 0.8819747 0.07780849 2.981412 0.02435058 1.120804 0.007130517 0.6392692 0.2344997 0.1384284 0.884955 0.413702 0.1223407 0.03553538 0.08464818
0.3071115 0.9390174 0.05658167 3.963747 0.02682538 1.303116 0.007728378 0.6820925 0.3425164 0.1065848 0.7575111 0.4423808 0.05118493 0.04844229 0.06792604
0.2062151 0.8674225 0.05508761 2.924802 0.0242892 0.9448711 0.007161708 0.7135877 0.4029559 0.1191575 0.8430804 0.3696568 0.06914017 0.04164184 0.07477439
0.1862583 0.9437916 0.0540757 2.889205 0.02527418 1.116211 0.007159701 0.7549358 0.3038282 0.09696806 0.6168975 0.5031989 0.1015289 0.1077963 0.08086897
0.1693525 0.9472626 0.0370782 2.670626 0.02542226 1.447274 0.006305388 0.7383704 0.3844277 0.156885 0.6944462 0.5107042 0.04726972 0.07736792 0.09743705
0.1956138 1.005303 0.04378146 3.769694 0.02271555 1.578893 0.006875962 0.7457777 0.3380618 0.1318861 0.9100165 0.4859222 0.03990816 0.04011842 0.09503347
0.2231897 0.9428262 0.05912454 3.183166 0.02806069 0.9896935 0.006674314 0.6572883 0.4045778 0.112749 0.6958725 0.2917054 0.04770735 0.0522334 0.08663664
0.2347804 0.7912067 0.05975408 4.189016 0.02830286 2.099413 0.006601539 0.706156 0.2637443 0.1307494 0.8505722 0.4255518 0.0507983 0.04778386 0.09204073
0.3199251 0.9829147 0.05591447 3.779838 0.02786661 1.139029 0.007859718 0.7408882 0.3055318 0.1195695 0.6191176 0.4383144 0.1058281 0.05398193 0.1266524
0.2197964 0.9024741 0.04923174 3.444523 0.02633808 1.543137 0.007234418 1.070357 0.4102295 0.09511216 0.7853966 0.3713142 0.04795342 0.03769225 0.1287234
0.1761901 0.8040929 0.04025565 3.18666 0.02417584 0.8562984 0.007173069 1.012267 0.46993 0.1087493 0.7324802 0.392046 0.04907748 0.05668959 0.1247276
0.1750609 0.9209124 0.044909 3.144179 0.02417164 1.076034 0.007425485 0.8050193 0.3602163 0.1274423 0.7749792 0.3590865 0.03821184 0.04130661 0.09471699
0.1725905 0.8333616 0.03309107 4.698405 0.02838644 1.266268 0.009204724 0.9747353 0.442707 0.15228 0.6939625 0.4260663 0.03393773 0.07853877 0.0934774
0.2046361 0.8700923 0.03843702 3.721033 0.02734664 1.560726 0.00809514 0.8480293 0.4115139 0.1181106 0.72949 0.3075498 0.07275251 0.05271028 0.1165832
0.187837 0.8649442 0.04268446 3.06569 0.03121463 1.454258 0.007507851 0.8193428 0.3756573 0.1624445 0.7667131 0.4166498 0.04987782 0.05011153 0.09557371
0.1770863 0.9452018 0.03666336 3.33301 0.02274218 1.042727 0.006535419 0.7994631 0.3951721 0.1410322 0.672778 0.3087551 0.04289273 0.03247991 0.0657398
0.1969773 0.8961993 0.04747573 4.05202 0.02564713 1.29442 0.006708614 0.7881276 0.3684786 0.1155611 0.8001833 0.4226198 0.08043225 0.06321293 0.07602992
0.1744375 0.8167439 0.04336645 3.06894 0.02977076 1.490284 0.007406062 0.8602824 0.4552588 0.1597134 0.6697009 0.3904538 0.06745178 0.0399158 0.07917987
0.1842459 0.8717327 0.04269057 3.047742 0.02405723 1.521694 0.0074407 0.9723594 0.3812934 0.1455031 0.8367796 0.5011474 0.04332985 0.07668239 0.05716544
0.2216879 0.8870299 0.05002434 3.933164 0.02740446 1.062495 0.007461768 0.8179003 0.3868445 0.1314015 0.8040179 0.4632474 0.04172734 0.04082367 0.1027977
0.1775279 0.8468452 0.03774204 3.742751 0.02580032 1.845072 0.006902488 0.7382941 0.3075705 0.153537 0.7219351 0.4476813 0.1341796 0.03610642 0.09264575
0.1977584 0.9154851 0.03738802 3.511324 0.02634316 1.072209 0.006738165 0.7353513 0.3411761 0.1662954 0.8610262 0.456653 0.0670669 0.06941413 0.09080195
0.1650013 0.8934475 0.03672008 3.320582 0.02020713 1.026906 0.007441215 0.852856 0.3636476 0.1451583 0.5679973 0.2784322 0.04386575 0.03273135 0.07883378
0.2930846 0.9324503 0.05843619 3.032764 0.02575531 1.506056 0.007740296 0.706864 0.3764264 0.1304314 0.8850532 0.5085499 0.06333071 0.04765911 0.0948888
0.2382045 0.8755655 0.04322647 3.21951 0.0236944 1.377576 0.006526013 0.7386987 0.3065298 0.1256534 0.7244861 0.4669404 0.06800204 0.05398818 0.09830562
0.2063774 0.8792368 0.04676492 3.543912 0.02385496 0.8487503 0.009049009 0.7534801 0.321083 0.1570069 0.6580279 0.4483786 0.04783577 0.04055949 0.09046582
0.179188 0.8507509 0.04462113 2.818381 0.02644138 1.552279 0.006825235 0.8455722 0.3607864 0.1376498 0.7758691 0.4316638 0.07147974 0.05992778 0.0878638
0.2047053 1.011631 0.03878698 3.131947 0.0228291 1.207611 0.007264402 0.9314085 0.4035893 0.1095682 0.7610216 0.5172303 0.04682305 0.0402115 0.08274391
0.1524077 0.8404591 0.03623415 3.634277 0.0224373 1.946136 0.007905175 0.6684775 0.4236186 0.1279158 0.724464 0.4147162 0.065658 0.0556949 0.0759938
0.2071756 1.076878 0.0434836 3.101881 0.02971535 1.045389 0.006807999 0.8800488 0.4008612 0.1143259 0.760238 0.4199215 0.0693893 0.07445613 0.05700052
0.2032435 0.777383 0.03903864 2.813174 0.02488384 0.9866076 0.007173441 0.9056424 0.3996369 0.1499606 0.7319688 0.4233814 0.04818736 0.05827003 0.07396111
0.185438 0.7993773 0.04576351 3.331233 0.02373916 1.299179 0.006015306 0.9281798 0.4321979 0.1650149 0.7516675 0.3981663 0.06518874 0.03625116 0.08570755
0.1901395 0.8352173 0.0501072 2.499313 0.02329936 1.207144 0.006237287 0.9702254 0.4316839 0.1315172 0.6456464 0.4488269 0.06101848 0.06988542 0.08726038
0.1645227 0.9151333 0.03203741 2.624196 0.02459502 1.444061 0.007647824 0.7379527 0.3631169 0.1285618 0.7182454 0.3937125 0.07491546 0.1026487 0.08611862
0.1940113 0.8171599 0.03765976 3.239343 0.02075592 1.186906 0.006884129 0.8688827 0.4061479 0.1237893 0.6804324 0.4254103 0.07284242 0.0301552 0.07190204
0.1662595 0.893275 0.03862364 3.452767 0.0288412 1.391813 0.008073352 0.7330927 0.4343964 0.1162246 0.9465564 0.4559509 0.03534327 0.05548805 0.07717922
0.1722036 1.039755 0.04418427 4.126264 0.02442904 1.116072 0.007581426 0.8820558 0.4964483 0.1616188 0.7645043 0.4407943 0.03123564 0.04127704 0.08974465
0.1722182 0.8738113 0.04624393 3.693028 0.02045103 1.083659 0.008119592 0.7412365 0.4472065 0.111852 0.6604232 0.3757404 0.03342006 0.07921136 0.09081042
0.1623273 0.8770559 0.04829558 3.455504 0.02569128 0.9145315 0.006591944 0.898543 0.457913 0.1060798 0.6830648 0.3352784 0.06119334 0.08482753 0.1168689
