0.9276265 0.8888946 0.0843109 0.4737342 0.4289874 0.08260069 0.3896211 0.5042737 0.9485012 0.8868346 0.04747911 0.0505755 0.8416512 0.1258809 0.2457408
0.5707993 0.3815633 0.1493121 0.04039548 0.09854232 0.005682034 0.01704437 0.03736297 0.1475993 0.1032642 0.2258513 0.2023671 0.1377034 0.0009088193 0.01216021
0.004832254 0.0006088917 0.02131597 0.2245687 0.03363551 0.04747699 0.002828979 0.01269053 0.002108234 0.001773857 0.01066981 0.02211512 0.003363205 0.001257837 0.09499187
0.02564387 0.01465348 0.1301831 0.00428407 0.0001642391 0.003150487 0.01366243 0.0107811 0.01774083 0.06956293 0.007422997 0.001103724 0.005919193 0.003677968 0.0004280706
0.0004099596 0.0001039435 0.001191261 0.007813235 0.008510743 0.01917025 0.00153029 0.009639791 4.798918e-05 8.566955e-05 1.379864e-05 0.005025367 9.359319e-06 0.0003303127 0.009658802
0.01606092 0.005185053 0.02613339 1.484356e-05 6.44888e-06 7.770053e-05 0.001395977 1.165073e-05 0.0009932048 0.005118405 0.004765571 0.000328624 0.02219157 1.240695e-05 1.748885e-06
1.015741e-05 0.0001111868 2.227241e-06 8.116677e-06 0.0001926272 0.0001785763 0.0003932375 0.0004742833 2.837957e-05 1.59771e-06 2.707031e-05 0.0003778805 1.51718e-07 2.080998e-05 0.0003241805
2.806363e-05 6.375608e-05 0.0008492038 1.496633e-05 2.911105e-07 3.256983e-06 6.338448e-05 8.328251e-09 2.042497e-05 1.237215e-05 4.4842e-07 0.0002488124 0.0002848504 4.423785e-06 6.640675e-07
1.311429e-05 1.650709e-05 2.326776e-09 2.001095e-05 4.391388e-08 6.844159e-07 8.844828e-05 0.0001759916 9.534395e-07 2.216631e-07 3.982722e-06 2.824464e-06 4.699757e-10 1.035744e-05 1.321932e-08
2.772749e-07 8.515895e-06 9.346149e-05 6.077747e-08 5.083446e-08 7.949754e-07 1.964269e-06 8.019639e-10 1.760468e-06 2.418056e-10 7.159098e-08 1.554866e-05 7.546623e-05 2.361894e-07 5.401416e-08
0.1724341 0.1110679 0.02818833 0.07494169 0.2273188 0.03267866 0.2618897 0.3335581 0.9107296 0.7448679 0.01700784 0.1784699 0.9668275 0.07588145 0.1524476
0.6885315 0.1909833 0.4806609 0.003967986 0.2172745 0.106316 0.04898937 0.0004602636 0.2411473 0.3694266 0.1209802 0.2706069 0.08093012 0.03758366 0.006856813
0.02219826 0.008404379 0.001232161 0.3925611 0.1437491 0.1254046 0.1362012 0.07599646 0.02035111 0.02745589 0.1058822 0.1466459 0.003182743 0.2115933 0.009440211
0.02844156 0.01165472 0.0168868 0.004514536 0.002402771 0.01776491 0.04332086 1.735386e-05 0.003858972 0.091619 0.0003953301 0.1045127 0.0008587949 0.01719485 0.0005449553
0.2392862 0.1403525 8.97376e-05 1.458769e-05 0.00417934 0.0002805283 0.0005131431 0.01016666 0.002055757 0.0001236438 0.01642072 0.1506583 1.662053e-06 1.57675e-06 0.0001717312
0.002175236 0.01915811 0.0006674333 0.001225422 0.0001411401 0.1348682 0.05295653 2.045556e-07 9.994745e-09 0.001481342 0.0006194944 0.002957637 0.0001899268 0.001890429 0.0003076135
0.05129996 0.01498473 4.214659e-08 1.271913e-08 0.0001525262 0.0003931762 0.0008015152 1.966911e-05 0.0003056165 7.685807e-08 0.02570144 0.05216127 7.178417e-10 3.527432e-09 6.717337e-06
3.28731e-05 0.0005342109 2.187261e-07 5.140705e-05 8.669852e-06 0.001995503 0.04423859 4.989319e-09 6.328525e-10 5.887361e-06 6.117034e-05 0.0001531311 5.287876e-06 5.079465e-05 9.875533e-06
0.01254793 0.0003332555 1.881478e-11 8.14985e-10 4.350799e-07 1.240966e-07 6.53472e-06 2.546365e-05 2.043338e-05 5.244281e-06 0.06278297 0.006357567 2.23571e-10 2.536421e-10 1.091049e-07
3.490396e-06 4.213449e-06 1.829514e-05 1.579241e-05 1.106388e-07 0.01349384 0.001059003 3.272628e-12 7.949801e-10 6.130704e-07 2.13826e-06 2.301735e-05 1.5907e-05 4.25637e-05 7.897052e-07
