"it","SSM","sig2","K-pat","K-prot","nk1","nk2","nk3","nk4","nk5","nk1","nk2","nk3","nk4","nk5"
"line",10,1.05860271802997,1.06603534746784,20,20,490,489,432,285,235,5,3,2,2,2
"line",20,1.08213251015586,1.07875263194662,20,19,411,394,347,306,268,3,3,2,2,2
"line",30,0.973756204706909,0.978145111307109,20,20,378,364,316,315,305,4,4,3,3,2
"line",40,0.970382476410559,0.975582732263054,20,20,348,342,336,335,273,3,3,2,2,2
"line",50,0.967047222045313,0.972033606956752,20,20,360,333,332,317,272,4,3,2,2,2
"it","SSM","sig2","K-pat","K-prot","nk1","nk2","nk3","nk4","nk5","nk1","nk2","nk3","nk4","nk5"
"line",10,1.05860271802997,1.06603534746784,20,20,490,489,432,285,235,5,3,2,2,2
"line",20,1.08213251015586,1.07875263194662,20,19,411,394,347,306,268,3,3,2,2,2
"line",30,0.973756204706909,0.978145111307109,20,20,378,364,316,315,305,4,4,3,3,2
"line",40,0.970382476410559,0.975582732263054,20,20,348,342,336,335,273,3,3,2,2,2
"line",50,0.967047222045313,0.972033606956752,20,20,360,333,332,317,272,4,3,2,2,2
"line",60,0.965641486027928,0.966375472615597,20,20,354,344,320,314,265,3,3,2,2,2
"line",70,0.960862138608197,0.964269753342236,20,20,370,343,308,292,238,5,2,2,2,2
"line",80,0.97354328841152,0.972289319775828,20,18,356,344,308,290,262,3,3,3,2,2
"line",90,1.00147026218935,0.9951947056377,20,20,357,354,297,289,262,3,3,3,3,2
"line",100,0.961963189961816,0.958475585829855,20,20,366,338,295,283,279,3,3,2,2,2
