0 3 13 19 5 14 0 0 0 0 0 0 0 483 302 180 115 51 15 25 5 5 1 1 0 0 1 6 -105264.2 0
10 3 15 18 0 19 0 0 1 0 0 0 0 467 241 178 116 60 30 20 5 3 1 5 1 7 17 39 -4081.158 0.2313725
20 3 15 18 0 19 0 0 0 0 1 0 0 517 236 109 132 81 22 16 6 4 2 5 2 4 16 38 -3769.244 0.1998599
30 3 15 18 0 19 0 0 0 1 0 0 0 455 281 124 125 87 22 19 10 3 1 6 1 5 15 36 -3765.932 0.1658263
40 3 15 18 0 19 0 0 0 1 0 0 0 473 318 124 90 67 34 15 4 2 1 6 1 4 23 28 -3472.972 0.1554622
50 3 15 17 0 20 0 0 0 0 1 0 0 492 251 185 65 72 26 30 6 5 1 8 1 5 18 25 -3605.071 0.1471148
60 3 15 17 0 20 0 0 0 1 0 0 0 508 285 161 64 65 10 26 8 2 2 6 1 8 22 22 -3548.227 0.1402894
70 3 15 17 0 20 0 0 0 1 0 0 0 591 247 101 60 84 16 30 5 3 1 7 1 6 16 22 -3455.927 0.1304122
80 3 15 17 0 20 0 0 0 1 0 0 0 628 212 91 69 73 17 32 5 3 1 5 1 8 21 24 -3507.552 0.1262955
90 3 15 17 0 20 0 0 0 1 0 0 0 619 215 83 85 80 14 31 3 2 1 6 1 8 21 21 -3437.068 0.1219421
100 3 15 17 0 20 0 0 0 1 0 0 0 614 211 99 99 58 15 24 8 3 2 6 1 7 21 22 -3405.37 0.1178992
110 3 15 17 0 20 0 0 0 1 0 0 0 551 270 122 74 71 11 31 4 3 2 5 1 5 18 22 -3315.171 0.1136491
120 3 15 17 0 20 0 0 0 1 0 0 0 488 332 152 40 66 21 27 5 2 1 4 1 7 21 23 -3284.279 0.1125117
130 3 15 17 0 20 0 0 0 1 0 0 0 558 229 180 48 59 15 31 4 3 2 6 1 8 23 23 -3331.947 0.1104934
140 3 15 17 0 20 0 0 0 1 0 0 0 519 280 128 43 79 41 25 7 2 2 6 1 8 25 24 -3552.646 0.1096439
150 3 15 17 0 20 1 0 0 0 0 0 0 561 302 102 43 58 27 27 4 2 1 6 1 9 23 24 -3470.246 0.1085341
160 3 15 17 0 20 0 0 0 1 0 0 0 556 294 115 27 72 26 25 5 4 2 8 1 8 23 24 -3520.384 0.1061099
170 3 15 17 0 20 1 0 0 0 0 0 0 477 281 155 63 92 27 27 4 2 1 6 1 10 20 24 -3642.187 0.1066238
180 3 15 17 0 20 1 0 0 0 0 0 0 510 259 178 49 76 22 25 6 2 1 6 1 8 24 23 -3620.186 0.1052132
190 3 15 17 0 20 1 0 0 0 0 0 0 466 260 196 78 72 21 33 8 4 1 5 1 5 19 21 -3553.972 0.1047029
200 3 15 17 0 20 1 0 0 0 0 0 0 453 335 140 68 67 23 37 6 2 2 7 1 6 20 23 -3583.02 0.105084
210 3 15 17 0 20 1 0 0 0 0 0 0 456 399 77 63 80 20 30 8 2 3 6 1 4 18 23 -3593.824 0.1029745
220 3 15 17 0 20 0 0 0 0 1 0 0 522 277 113 53 80 34 38 6 4 7 6 2 8 18 22 -3665.255 0.1026101
230 3 15 17 0 20 1 0 0 0 0 0 0 539 258 127 64 82 20 28 7 5 2 9 1 5 21 22 -3628.027 0.1020339
240 3 15 17 0 20 1 0 0 0 0 0 0 500 280 131 86 79 15 31 6 5 2 7 1 8 17 22 -3681.64 0.100922
250 3 15 17 0 20 1 0 0 0 0 0 0 498 277 171 52 85 18 25 6 2 1 6 1 6 21 21 -3651.193 0.100056
260 3 15 17 0 20 1 0 0 0 0 0 0 500 233 224 46 71 18 30 7 4 1 5 1 8 20 22 -3585.344 0.1002478
270 3 15 17 0 20 1 0 0 0 0 0 0 484 228 212 83 75 12 32 5 3 3 6 1 7 17 22 -3647.42 0.1007573
280 3 15 17 0 20 1 0 0 0 0 0 0 419 267 220 63 93 27 32 4 3 2 8 2 8 19 23 -3753.591 0.1011405
290 3 15 17 0 20 1 0 0 0 0 0 0 491 270 168 52 90 20 33 5 4 1 5 1 5 21 24 -3588.802 0.1007727
300 3 15 17 0 20 1 0 0 0 0 0 0 499 306 124 76 68 22 30 4 2 1 6 1 9 19 23 -3513.114 0.1002054
310 3 15 17 0 20 1 0 0 0 0 0 0 508 283 168 61 74 9 23 5 2 1 6 1 7 20 22 -3586.811 0.09946688
320 3 15 17 0 20 1 0 0 0 0 0 0 609 177 139 74 77 20 30 3 2 1 6 1 8 21 22 -3596.266 0.09872199
330 3 15 17 0 20 1 0 0 0 0 0 0 630 237 87 46 69 15 41 5 3 1 6 1 5 21 23 -3438.254 0.09795433
340 3 15 17 0 20 1 0 0 0 0 0 0 701 216 54 41 61 26 30 4 2 1 6 1 5 19 23 -3286.342 0.09655627
350 3 15 17 0 20 0 1 0 0 0 0 0 613 228 96 54 88 17 30 9 3 1 5 1 5 16 24 -3553.994 0.09687075
360 3 15 17 0 20 1 0 0 0 0 0 0 563 244 76 71 107 27 35 4 4 3 5 1 6 21 23 -3592.377 0.0969888
370 3 15 17 1 20 0 0 0 0 0 0 0 521 305 121 41 94 20 22 5 3 1 5 1 5 23 23 -3567.235 0.09748656
380 3 15 17 1 20 0 0 0 0 0 0 0 480 307 167 51 80 11 33 4 2 1 6 1 8 18 21 -3630.106 0.09703671
390 3 15 17 1 20 0 0 0 0 0 0 0 459 332 133 94 64 11 34 4 4 1 5 1 8 17 23 -3669.21 0.09655247
400 3 15 17 1 20 0 0 0 0 0 0 0 525 337 82 65 79 10 22 5 3 1 6 1 8 22 24 -3541.976 0.09604342
410 3 15 17 1 20 0 0 0 0 0 0 0 457 367 78 83 86 20 32 6 6 2 6 1 4 20 22 -3642.831 0.09568901
420 3 15 17 1 20 0 0 0 0 0 0 0 410 332 142 93 94 18 41 5 2 2 4 1 6 18 22 -3803.244 0.09544484
430 3 15 17 1 20 0 0 0 0 0 0 0 420 391 94 66 95 29 35 5 2 1 6 1 6 16 23 -3799.439 0.09504918
440 3 15 17 1 20 0 0 0 0 0 0 0 381 381 120 62 123 28 23 4 4 1 7 1 9 23 23 -3762.769 0.09483066
450 3 15 17 1 20 0 0 0 0 0 0 0 291 346 232 66 120 39 25 5 4 1 7 1 5 25 23 -3897.192 0.09476502
460 3 15 17 1 20 0 0 0 0 0 0 0 294 278 298 99 103 20 33 6 3 1 5 1 9 19 21 -3782.438 0.09508586
470 3 15 17 1 20 0 0 0 0 0 0 0 305 267 260 146 95 15 33 7 2 3 6 1 9 17 24 -3932.087 0.09498182
480 3 15 17 1 20 0 0 0 0 0 0 0 343 233 268 91 97 30 36 10 4 7 18 2 9 18 24 -3900.262 0.09457283
490 3 15 17 1 20 0 0 0 0 0 0 0 329 257 221 133 95 25 56 13 3 1 7 1 7 20 22 -3873.493 0.09447207
500 3 15 17 1 20 0 0 0 0 0 0 0 270 254 292 122 103 26 41 12 3 8 8 1 8 19 23 -3879.259 0.09418487
510 3 15 17 1 20 0 0 0 0 0 0 0 318 256 217 118 96 62 27 20 7 1 9 1 10 26 22 -3928.941 0.09416159
520 3 15 17 1 20 0 0 0 0 0 0 0 392 280 172 73 100 58 28 15 3 6 7 1 6 24 25 -3706.842 0.09379983
530 3 15 17 1 20 0 0 0 0 0 0 0 432 284 171 69 92 31 32 11 4 1 7 1 9 22 24 -3652.175 0.09355742
540 3 15 17 1 20 0 0 0 0 0 0 0 443 292 148 109 82 14 23 7 2 1 5 2 11 27 24 -3531.754 0.09323063
550 3 15 17 1 20 0 0 0 0 0 0 0 357 401 148 95 80 18 28 6 2 1 6 1 8 17 22 -3589.753 0.09355742
560 3 15 17 1 20 0 0 0 0 0 0 0 347 403 104 114 94 17 27 10 11 1 6 1 7 25 23 -3588.133 0.09384254
570 3 15 17 1 20 0 0 0 0 0 0 0 388 391 157 61 79 21 27 3 2 2 6 1 6 25 21 -3502.57 0.09382771
580 3 15 17 1 20 0 0 0 0 0 0 0 311 428 178 41 94 29 34 8 3 3 6 1 8 22 24 -3483.02 0.09375543
590 3 15 17 1 20 0 0 0 0 0 0 0 359 400 158 47 81 38 24 9 5 1 8 1 10 26 23 -3594.186 0.09399896
600 3 15 17 1 20 0 0 0 0 0 0 0 434 357 77 97 92 26 25 5 8 1 7 1 10 27 23 -3620.843 0.09311391
610 3 15 17 1 20 0 0 0 0 0 0 0 396 365 112 76 116 22 33 6 3 2 6 2 4 23 24 -3544.14 0.09260229
620 3 15 17 1 20 0 0 0 0 0 0 0 465 311 90 99 107 16 31 10 4 2 6 1 8 17 23 -3481.798 0.09250474
630 3 15 17 1 20 0 0 0 0 0 0 0 526 341 65 61 83 17 23 6 5 1 6 1 8 25 22 -3504.001 0.09253035
640 3 15 17 1 20 0 0 0 0 0 0 0 571 214 137 40 89 27 34 17 2 1 5 1 9 19 24 -3601.038 0.09266019
650 3 15 17 1 20 0 0 0 0 0 0 0 563 203 178 53 70 19 30 15 2 2 6 2 8 18 21 -3621.626 0.09236802
660 3 15 17 1 20 0 0 0 0 0 0 0 596 202 113 66 89 19 32 8 2 2 7 1 9 23 21 -3630.058 0.09220355
670 3 15 17 1 20 0 0 0 0 0 0 0 625 212 105 62 67 17 32 10 4 1 6 1 8 19 21 -3566.076 0.09275889
680 3 15 17 1 20 0 0 0 0 0 0 0 576 191 122 70 96 22 33 12 2 1 11 1 10 20 23 -3635.323 0.09324436
690 3 15 17 1 20 0 0 0 0 0 0 0 599 153 145 44 101 25 40 11 5 1 10 2 9 21 24 -3667.398 0.09360208
700 3 15 17 1 20 0 0 0 0 0 0 0 657 160 88 74 87 32 28 3 2 1 6 1 7 21 23 -3450.725 0.09376951
710 3 15 17 1 20 0 0 0 0 0 0 0 586 199 136 79 70 21 21 8 2 2 10 2 5 27 22 -3553.078 0.09388093
720 3 15 17 1 20 0 0 0 0 0 0 0 530 219 147 74 94 9 32 9 5 3 6 1 7 31 23 -3570.401 0.09391923
730 3 15 17 0 20 0 0 0 0 1 0 0 519 219 138 53 138 21 34 5 3 2 6 1 9 20 22 -3678.44 0.0943095
740 3 15 17 1 20 0 0 0 0 0 0 0 557 197 114 52 105 42 41 9 4 5 15 2 5 21 21 -3754.895 0.09434476
750 3 15 17 1 20 0 0 0 0 0 0 0 605 164 125 59 96 33 43 7 2 4 6 1 7 17 21 -3720.673 0.09393091
760 3 15 17 1 20 0 0 0 0 0 0 0 667 185 92 46 65 18 55 7 3 1 7 1 5 17 21 -3490.578 0.09378225
770 3 15 17 1 20 0 0 0 0 0 0 0 707 178 93 43 55 16 30 6 6 3 4 1 6 20 22 -3389.391 0.09386664
780 3 15 17 1 20 0 0 0 0 0 0 0 623 200 129 40 75 20 27 6 5 3 7 1 8 22 24 -3507.239 0.09398118
790 3 15 17 1 20 0 0 0 0 0 0 0 612 202 154 36 73 15 30 6 3 1 5 1 9 20 23 -3379.439 0.09404673
800 3 15 17 1 20 0 0 0 0 0 0 0 613 213 122 50 73 15 36 5 4 2 7 1 7 19 23 -3372.18 0.09387255
810 3 15 17 1 20 0 0 0 0 0 0 0 630 184 111 47 72 17 48 10 4 3 7 2 10 21 24 -3462.915 0.0937995
820 3 15 17 1 20 0 0 0 0 0 0 0 615 188 110 63 73 24 35 16 6 3 6 1 8 18 24 -3430.048 0.09382046
830 3 15 17 1 20 0 0 0 0 0 0 0 608 229 116 58 73 12 27 4 2 1 6 1 8 20 25 -3466.89 0.09397253
840 3 15 17 1 20 0 0 0 0 0 0 0 546 283 87 82 73 22 28 7 3 1 5 1 6 21 25 -3507.691 0.09405429
850 3 15 17 1 20 0 0 0 0 0 0 0 544 315 71 67 80 10 28 10 2 2 7 1 8 21 24 -3384.42 0.09423958
860 3 15 17 1 20 0 0 0 0 0 0 0 542 257 103 53 97 24 33 5 8 3 7 2 8 25 23 -3589.873 0.09406879
870 3 15 17 1 20 0 0 0 0 0 0 0 640 167 138 53 73 14 32 10 2 2 7 1 5 22 24 -3445.694 0.09453621
880 3 15 17 1 20 0 0 0 0 0 0 0 680 118 106 68 88 32 28 8 3 1 5 1 9 20 23 -3547.311 0.09468105
890 3 15 17 1 20 0 0 0 0 0 0 0 669 198 99 35 65 25 28 8 6 2 7 1 6 19 22 -3457.969 0.09463696
900 3 15 17 1 20 0 0 0 0 0 0 0 630 246 107 40 68 9 29 3 4 1 6 1 6 17 23 -3351.225 0.09444756
910 3 15 17 1 20 0 0 0 0 0 0 0 621 244 97 30 80 17 31 4 2 1 7 2 8 23 23 -3315.724 0.09416998
920 3 15 17 1 20 0 0 0 0 0 0 0 621 185 107 85 75 16 30 5 2 1 7 1 11 20 24 -3437.341 0.09362136
930 3 15 17 1 20 0 0 0 0 0 0 0 666 132 138 44 87 13 31 15 3 1 10 1 6 19 24 -3513.206 0.0935002
940 3 15 17 1 20 0 0 0 0 0 0 0 653 140 159 60 69 9 31 8 3 2 6 1 8 18 23 -3430.996 0.09341141
950 3 15 17 0 20 1 0 0 0 0 0 0 690 114 152 51 77 16 25 3 2 1 6 1 9 22 21 -3401.179 0.09335692
960 3 15 17 0 20 1 0 0 0 0 0 0 618 153 142 66 90 29 21 4 4 1 6 1 5 28 22 -3571.927 0.09348739
970 3 15 17 0 20 1 0 0 0 0 0 0 681 123 125 68 73 16 28 14 2 1 6 1 5 23 24 -3476.411 0.09400502
980 3 15 17 0 20 1 0 0 0 0 0 0 710 87 84 99 98 12 33 5 2 1 6 1 7 22 23 -3448.738 0.09392043
990 3 15 17 0 20 1 0 0 0 0 0 0 663 99 171 72 70 14 29 8 7 1 6 1 7 21 21 -3344.299 0.0939111
1000 3 15 17 1 20 0 0 0 0 0 0 0 702 71 195 38 70 14 29 4 3 4 7 1 8 20 24 -3296.104 0.0940084
1010 3 15 20 17 1 0 0 0 0 0 0 0 634 129 127 63 95 29 25 6 5 9 10 8 8 20 22 -3510.38 0.09501068
1020 3 15 20 17 1 0 0 0 0 0 0 0 602 134 151 72 91 20 22 20 7 7 6 11 8 20 19 -3548.89 0.09561707
1030 3 15 20 17 1 0 0 0 0 0 0 0 639 173 97 57 71 30 32 16 4 8 7 9 7 19 21 -3478.145 0.09546926
1040 3 15 20 17 1 0 0 0 0 0 0 0 582 201 159 56 66 12 31 10 4 7 6 12 7 16 21 -3475.365 0.09520039
1050 3 15 20 17 1 0 0 0 0 0 0 0 583 169 171 84 59 17 26 3 4 8 8 10 10 18 20 -3598.482 0.09501667
1060 3 15 20 17 1 0 0 0 0 0 0 0 483 216 226 57 71 28 32 4 4 10 6 10 8 16 19 -3654.325 0.09513768
1070 3 15 20 17 1 0 0 0 0 0 0 0 492 216 212 51 75 19 27 11 7 22 6 11 6 15 20 -3664.957 0.09516479
1080 3 15 20 17 1 0 0 0 0 0 0 0 546 226 179 42 67 18 27 5 6 15 7 9 7 16 20 -3494.785 0.09526403
1090 3 15 20 17 1 0 0 0 0 0 0 0 670 157 122 53 58 25 18 3 5 15 7 10 8 19 20 -3383.013 0.09517642
1100 3 15 20 17 1 0 0 0 0 0 0 0 619 164 126 104 54 13 21 3 4 21 6 11 7 17 20 -3387.438 0.09492743
1110 3 15 20 17 1 0 0 0 0 0 0 0 527 215 153 82 65 30 28 4 5 18 6 12 9 17 19 -3417.404 0.09469049
1120 3 15 20 17 1 0 0 0 0 0 0 0 568 195 139 82 71 24 22 7 4 15 6 10 6 17 24 -3591.015 0.09445028
1130 3 15 20 17 1 0 0 0 0 0 0 0 657 119 173 37 81 15 20 7 5 16 5 9 5 19 22 -3358.787 0.09426142
1140 3 15 20 17 1 0 0 0 0 0 0 0 612 237 114 40 61 16 21 4 4 18 6 12 6 20 19 -3242.487 0.09385473
1150 3 15 20 17 1 0 0 0 0 0 0 0 615 261 71 35 75 11 21 16 4 17 6 11 8 17 22 -3373.481 0.09342346
1160 3 15 20 17 1 0 0 0 0 0 0 0 648 187 112 37 70 23 16 8 5 20 6 11 8 16 23 -3542.21 0.09303584
1170 3 15 20 17 1 0 0 0 0 0 0 0 639 221 109 31 62 13 18 6 7 19 6 12 8 16 23 -3453.994 0.09278652
1180 3 15 20 17 1 0 0 0 0 0 0 0 540 256 115 41 74 23 34 18 5 19 5 12 9 19 20 -3623.92 0.09280254
1190 3 15 20 17 1 0 0 0 0 0 0 0 550 272 95 45 70 28 25 13 11 17 8 10 6 18 22 -3624.193 0.09247228
1200 3 15 20 17 1 0 0 0 0 0 0 0 468 340 104 71 75 25 22 8 4 14 6 9 9 15 20 -3633.216 0.0921662
1210 3 15 20 17 1 0 0 0 0 0 0 0 511 285 93 50 97 27 36 5 5 19 6 12 8 17 19 -3686.576 0.09196009
1220 3 15 20 17 1 0 0 0 0 0 0 0 501 342 90 37 84 25 26 5 3 15 6 10 9 16 21 -3585.678 0.09178261
1230 3 15 20 17 1 0 0 0 0 0 0 0 498 321 137 39 69 16 22 5 5 18 8 8 7 17 20 -3571.382 0.09171734
1240 3 15 20 17 1 0 0 0 0 0 0 0 559 297 69 48 72 25 25 6 7 17 6 12 9 18 20 -3550.307 0.09168474
1250 3 15 20 17 1 0 0 0 0 0 0 0 616 275 69 38 63 20 17 8 6 19 5 10 9 16 19 -3329.39 0.09167731
1260 3 15 20 17 1 0 0 0 0 0 0 0 657 237 59 53 74 8 21 4 4 12 6 11 8 16 20 -3349.788 0.09148104
1270 3 15 20 17 1 0 0 0 0 0 0 0 565 237 134 64 61 15 24 3 10 15 6 11 8 17 20 -3515.248 0.09119301
1280 3 15 20 17 1 0 0 0 0 0 0 0 574 205 107 68 64 38 25 24 5 15 10 12 7 16 20 -3587.85 0.09099484
1290 3 15 20 17 1 0 0 0 0 0 0 0 546 232 116 43 86 23 31 25 6 20 8 11 9 16 18 -3814.113 0.09104944
1300 3 15 20 17 1 0 0 0 0 0 0 0 617 170 115 62 80 16 30 8 5 17 10 9 10 18 23 -3663.59 0.09104072
1310 3 15 20 17 1 0 0 0 0 0 0 0 628 169 116 83 72 16 19 5 4 17 10 12 3 16 20 -3490.496 0.09077127
1320 3 15 20 17 1 0 0 0 0 0 0 0 644 187 109 54 68 22 19 4 5 18 5 11 8 15 21 -3395.586 0.09037433
1330 3 15 20 17 1 0 0 0 0 0 0 0 590 203 129 57 68 23 20 12 6 17 6 12 8 19 20 -3548.379 0.09009709
1340 3 15 20 17 1 0 0 0 0 0 0 0 527 291 106 46 67 25 28 10 6 19 7 12 7 16 23 -3589.627 0.08995777
1350 3 15 20 17 1 0 0 0 0 0 0 0 582 209 110 49 101 20 21 4 7 18 6 16 8 16 23 -3661.257 0.08985372
1360 3 15 20 17 1 0 0 0 0 0 0 0 545 179 144 58 106 17 49 5 7 21 6 9 6 16 22 -3649.934 0.0894958
1370 3 15 20 17 1 0 0 0 0 0 0 0 593 172 87 85 91 17 23 13 25 15 9 11 9 17 23 -3726.408 0.08936188
1380 3 15 20 17 1 0 0 0 0 0 0 0 625 213 94 49 70 24 28 9 5 18 3 9 8 15 20 -3538.369 0.08912435
1390 3 15 20 17 1 0 0 0 0 0 0 0 539 235 140 47 66 37 32 10 2 22 4 10 9 16 21 -3741.565 0.08885597
1400 3 15 20 17 1 0 0 0 0 0 0 0 554 175 129 84 87 34 27 6 7 21 8 9 10 17 22 -3807.091 0.08860344
1410 3 15 20 17 1 0 0 0 0 0 0 0 618 162 104 43 110 30 42 3 2 14 3 11 10 18 20 -3610.503 0.08836442
1420 3 15 20 17 1 0 0 0 0 0 0 0 556 210 121 80 84 21 24 8 1 22 5 13 9 16 20 -3584.876 0.08810313
1430 3 15 20 17 1 0 0 0 0 0 0 0 512 208 132 83 68 39 48 19 2 17 5 13 6 18 20 -3660.301 0.08789446
1440 3 15 20 17 1 0 0 0 0 0 0 0 544 183 126 95 78 43 37 3 2 18 3 10 10 19 19 -3604.047 0.08764589
1450 3 15 20 17 1 0 0 0 0 0 0 0 525 248 126 49 93 45 24 3 1 15 3 13 10 17 18 -3620.252 0.08736212
1460 3 15 20 17 1 0 0 0 0 0 0 0 570 257 69 56 90 26 26 9 3 22 4 11 9 17 21 -3565.178 0.0870899
1470 3 15 20 17 1 0 0 0 0 0 0 0 542 210 93 61 140 23 38 8 2 17 3 8 9 16 20 -3610.426 0.08684045
1480 3 15 20 17 1 0 0 0 0 0 0 0 530 149 125 81 165 31 27 5 1 13 6 11 9 19 18 -3577.489 0.08661897
1490 3 15 20 17 1 0 0 0 0 0 0 0 414 189 148 83 165 48 32 11 8 19 10 13 10 19 21 -3907.201 0.08649634
1500 3 15 20 17 1 0 0 0 0 0 0 0 378 194 97 170 143 61 45 14 8 18 3 10 11 17 21 -3828.764 0.08618861
1510 3 15 20 17 1 0 0 0 0 0 0 0 445 189 125 124 119 33 60 4 8 20 3 11 11 19 19 -3679.436 0.08606303
1520 3 15 20 17 1 0 0 0 0 0 0 0 445 234 121 140 85 46 30 7 4 18 3 12 10 16 19 -3625 0.08599255
1530 3 15 20 17 1 0 0 0 0 0 0 0 484 256 118 111 90 20 27 7 1 15 4 12 9 17 19 -3625.11 0.08600355
1540 3 15 20 17 1 0 0 0 0 0 0 0 449 349 95 57 99 19 32 4 6 19 4 11 9 18 19 -3484.869 0.0859853
1550 3 15 20 17 1 0 0 0 0 0 0 0 478 318 110 37 95 40 27 6 1 17 4 10 9 17 21 -3535.748 0.08592934
1560 3 15 20 17 1 0 0 0 0 0 0 0 525 283 101 56 88 20 24 6 6 17 5 10 10 18 21 -3414.696 0.0859531
1570 3 15 20 17 1 0 0 0 0 0 0 0 534 296 74 57 75 44 20 6 1 20 5 9 10 17 22 -3318.265 0.08581063
1580 3 15 20 17 1 0 0 0 0 0 0 0 510 290 123 60 80 18 18 6 3 18 5 13 9 16 21 -3399.208 0.08573911
1590 3 15 20 17 1 0 0 0 0 0 0 0 521 296 98 90 56 27 15 6 2 18 4 14 9 12 22 -3344.691 0.08570548
1600 3 15 20 17 1 0 0 0 0 0 0 0 404 367 158 67 56 28 18 3 2 19 3 17 10 16 22 -3526.455 0.08548144
1610 3 15 20 17 1 0 0 0 0 0 0 0 437 337 131 52 92 29 23 3 3 16 3 17 10 14 23 -3552.117 0.08530891
1620 3 15 20 17 1 0 0 0 0 0 0 0 442 362 156 51 62 16 12 4 1 18 3 16 10 15 22 -3324.344 0.08512813
1630 3 15 20 17 1 0 0 0 0 0 0 0 461 393 106 49 58 20 13 8 2 16 3 15 10 13 23 -3418.012 0.08486708
1640 3 15 20 17 1 0 0 0 0 0 0 0 421 375 123 66 78 30 16 3 1 16 3 16 10 10 22 -3614.676 0.08469119
1650 3 15 20 17 1 0 0 0 0 0 0 0 430 347 155 42 75 29 17 8 5 19 3 16 8 12 24 -3668.918 0.08458535
1660 3 15 20 17 1 0 0 0 0 0 0 0 400 366 127 44 82 37 42 10 3 18 3 10 9 16 23 -3715.046 0.08450609
1670 3 15 20 17 1 0 0 0 0 0 0 0 433 306 175 45 91 20 26 7 2 22 4 7 10 19 23 -3722.912 0.08438082
1680 3 15 20 17 1 0 0 0 0 0 0 0 468 252 169 52 92 19 54 7 2 15 3 11 10 16 20 -3693.901 0.08420201
1690 3 15 20 17 1 0 0 0 0 0 0 0 480 221 200 47 91 23 36 14 1 19 4 9 10 16 19 -3582.172 0.08398389
1700 3 15 20 17 1 0 0 0 0 0 0 0 536 195 125 63 80 32 51 13 16 19 3 9 10 20 18 -3705.069 0.08379634
1710 3 15 20 17 1 0 0 0 0 0 0 0 510 247 120 65 89 24 44 10 2 17 3 11 10 19 19 -3662.1 0.08370764
1720 3 15 20 17 1 0 0 0 0 0 0 0 461 250 161 103 63 24 37 8 4 18 4 12 9 16 20 -3661.033 0.08364765
1730 3 15 20 17 1 0 0 0 0 0 0 0 424 290 95 160 71 28 29 11 1 19 5 11 10 17 19 -3641.61 0.08355435
1740 3 15 20 17 1 0 0 0 0 0 0 0 461 319 141 67 67 27 19 7 1 17 3 11 10 18 22 -3572.21 0.08334943
1750 3 15 20 17 1 0 0 0 0 0 0 0 392 421 104 55 74 35 26 3 1 18 3 12 10 13 23 -3477.629 0.08319168
1760 3 15 20 17 1 0 0 0 0 0 0 0 440 430 74 55 64 19 17 4 1 21 3 16 10 15 21 -3348.882 0.08312484
1770 3 15 20 17 1 0 0 0 0 0 0 0 444 375 119 58 64 15 23 7 5 18 3 11 10 16 22 -3415.245 0.08327399
1780 3 15 20 17 1 0 0 0 0 0 0 0 455 298 162 83 60 18 20 7 2 21 3 10 10 19 22 -3543.681 0.083198
1790 3 15 20 17 1 0 0 0 0 0 0 0 479 208 211 53 83 34 28 7 3 21 4 11 10 17 21 -3709.344 0.08312129
1800 3 15 20 17 1 0 0 0 0 0 0 0 537 243 130 37 110 24 32 3 2 17 3 10 10 17 15 -3548.372 0.08306256
1810 3 15 20 17 1 0 0 0 0 0 0 0 553 223 139 62 72 22 31 8 4 21 6 10 8 17 14 -3571.276 0.08309268
1820 3 15 20 17 1 0 0 0 0 0 0 0 502 252 128 67 81 33 29 7 4 25 4 14 10 19 15 -3626.196 0.08304245
1830 3 15 20 17 1 0 0 0 0 0 0 0 432 323 139 55 65 52 32 10 3 21 5 10 9 18 16 -3583.604 0.08290398
1840 3 15 20 17 1 0 0 0 0 0 0 0 500 252 138 54 82 48 26 4 4 26 4 11 10 16 15 -3584.803 0.08270004
1850 3 15 20 17 1 0 0 0 0 0 0 0 481 233 166 51 108 26 28 15 3 17 5 14 12 18 13 -3607.979 0.08258763
1860 3 15 20 17 1 0 0 0 0 0 0 0 490 220 127 79 108 56 24 6 4 20 3 10 10 17 16 -3648.532 0.08243577
1870 3 15 20 17 1 0 0 0 0 0 0 0 521 179 157 48 110 34 38 21 3 20 4 14 10 17 14 -3625.301 0.08237841
1880 3 15 20 17 1 0 0 0 0 0 0 0 613 214 134 28 66 26 26 12 2 17 3 11 10 14 14 -3522.546 0.08228887
1890 3 15 20 17 1 0 0 0 0 0 0 0 456 286 193 52 63 21 33 16 2 15 3 10 10 16 14 -3732.808 0.08220325
1900 3 15 20 17 1 0 0 0 0 0 0 0 442 329 160 49 62 26 28 13 6 18 3 10 10 17 17 -3670.584 0.08212001
1910 3 15 20 17 1 0 0 0 0 0 0 0 454 380 116 38 70 29 19 5 3 14 3 10 10 19 20 -3607.119 0.08202737
1920 3 15 20 17 1 0 0 0 0 0 0 0 392 444 95 46 90 21 21 5 1 13 3 11 10 18 20 -3550.414 0.08187733
1930 3 15 20 17 1 0 0 0 0 0 0 0 385 386 141 73 78 20 22 4 3 15 3 9 11 18 22 -3638.726 0.08176659
1940 3 15 20 17 1 0 0 0 0 0 0 0 454 333 115 50 69 49 29 6 1 19 3 15 10 14 23 -3643.022 0.08173207
1950 3 15 20 17 1 0 0 0 0 0 0 0 479 289 159 40 83 35 17 8 2 16 4 11 11 14 22 -3663.32 0.08212454
1960 3 15 20 17 1 0 0 0 0 0 0 0 541 226 152 58 80 22 28 4 2 18 4 12 9 15 19 -3542.032 0.08223575
1970 3 15 20 17 1 0 0 0 0 0 0 0 550 245 139 56 58 22 32 7 1 20 4 9 10 18 19 -3510.413 0.08217521
1980 3 15 20 17 1 0 0 0 0 0 0 0 566 184 128 83 78 29 32 10 4 17 3 10 10 15 21 -3647.84 0.08210961
1990 3 15 20 17 1 0 0 0 0 0 0 0 520 224 128 93 75 26 27 5 6 19 9 10 9 16 23 -3739.988 0.0820123
2000 3 15 20 17 1 0 0 0 0 0 0 0 496 350 106 45 66 20 18 4 1 18 3 10 11 19 23 -3577.473 0.08210084
2010 3 15 20 17 1 0 0 0 0 0 0 0 542 329 93 42 63 17 19 4 2 15 3 12 10 15 24 -3549.87 0.08214808
2020 3 15 20 17 1 0 0 0 0 0 0 0 454 356 116 45 91 23 20 3 1 20 3 10 10 16 22 -3626.084 0.08208254
2030 3 15 20 17 1 0 0 0 0 0 0 0 432 370 140 50 75 16 20 6 1 16 3 10 10 20 21 -3579.868 0.08194174
2040 3 15 20 17 1 0 0 0 0 0 0 0 465 304 151 76 71 16 17 9 1 18 4 9 10 18 21 -3560.79 0.08179821
2050 3 15 20 17 1 0 0 0 0 0 0 0 472 296 156 73 68 21 26 5 1 16 3 11 10 14 18 -3629.089 0.08164378
2060 3 15 20 17 1 0 0 0 0 0 0 0 483 269 159 56 79 28 28 5 1 19 3 12 10 18 20 -3632.787 0.08142286
2070 3 15 20 17 1 0 0 0 0 0 0 0 479 237 135 97 79 51 26 6 3 16 3 10 10 18 20 -3614.068 0.08128797
2080 3 15 20 17 1 0 0 0 0 0 0 0 478 196 149 126 83 36 28 6 11 16 4 11 10 16 20 -3724.015 0.08119209
2090 3 15 20 17 1 0 0 0 0 0 0 0 433 247 142 103 106 44 26 10 3 14 3 12 10 17 20 -3763.496 0.08103682
2100 3 15 20 17 1 0 0 0 0 0 0 0 357 292 223 102 59 17 50 6 3 18 4 11 10 17 21 -3622.071 0.08088569
2110 3 15 20 17 1 0 0 0 0 0 0 0 377 245 275 101 63 22 19 6 2 16 5 12 9 19 19 -3544.989 0.08079706
2120 3 15 20 17 1 0 0 0 0 0 0 0 324 225 265 120 89 24 30 6 18 21 3 14 13 16 22 -3667.649 0.08075022
2130 3 15 20 17 1 0 0 0 0 0 0 0 418 208 163 123 138 29 21 3 3 18 4 15 10 15 22 -3638.437 0.08064728
2140 3 15 20 17 1 0 0 0 0 0 0 0 447 246 142 98 125 20 22 8 2 15 3 11 10 17 24 -3709.211 0.0805152
2150 3 15 20 17 1 0 0 0 0 0 0 0 460 270 145 69 109 23 22 10 1 20 3 11 10 15 22 -3542.003 0.08044036
2160 3 15 20 17 1 0 0 0 0 0 0 0 471 307 108 49 115 32 23 3 1 18 4 12 9 19 19 -3649.175 0.08027544
2170 3 15 20 17 1 0 0 0 0 0 0 0 455 347 102 54 86 37 24 3 1 17 3 10 11 20 20 -3635.91 0.08013915
2180 3 15 20 17 1 0 0 0 0 0 0 0 425 381 108 68 76 18 24 7 2 21 4 11 10 16 19 -3606.168 0.0800478
2190 3 15 20 17 1 0 0 0 0 0 0 0 458 364 106 50 76 19 24 9 4 20 4 12 10 16 18 -3511.848 0.07992914
2200 3 15 20 17 1 0 0 0 0 0 0 0 460 317 82 110 84 30 25 3 1 18 3 13 10 15 19 -3590.391 0.07990323
2210 3 15 20 17 1 0 0 0 0 0 0 0 459 319 135 57 88 22 21 6 2 17 4 10 9 18 23 -3613.081 0.07984588
2220 3 15 20 17 1 0 0 0 0 0 0 0 440 339 198 39 54 19 21 3 1 17 3 12 10 15 19 -3531.214 0.07972216
2230 3 15 20 17 1 0 0 0 0 0 0 0 462 281 181 59 62 41 21 8 4 12 3 11 9 16 20 -3732.355 0.07958322
2240 3 15 20 17 1 0 0 0 0 0 0 0 490 285 136 30 111 25 21 9 1 20 4 11 8 18 21 -3660.106 0.07943052
2250 3 15 20 17 1 0 0 0 0 0 0 0 484 292 149 59 73 23 22 5 2 19 5 11 9 17 20 -3597.893 0.07930781
2260 3 15 20 17 1 0 0 0 0 0 0 0 423 357 148 59 70 26 23 4 2 19 3 11 10 18 17 -3633.429 0.07926179
2270 3 15 20 17 1 0 0 0 0 0 0 0 354 353 191 75 73 29 35 3 1 20 4 11 9 17 15 -3758.286 0.0791187
2280 3 15 20 17 1 0 0 0 0 0 0 0 443 324 149 61 58 24 44 7 2 24 3 8 11 16 16 -3595.148 0.07897071
2290 3 15 20 17 1 0 0 0 0 0 0 0 470 209 264 64 64 17 25 5 1 17 3 8 10 14 19 -3465.048 0.07889129
2300 3 15 20 17 1 0 0 0 0 0 0 0 386 201 301 63 91 22 34 5 2 23 4 12 10 16 20 -3676.229 0.07885398
2310 3 15 20 17 1 0 0 0 0 0 0 0 365 136 370 38 130 34 25 7 1 20 4 11 9 17 23 -3695.525 0.07879637
2320 3 15 20 17 1 0 0 0 0 0 0 0 390 216 266 72 120 14 22 4 5 22 3 9 10 15 22 -3696.449 0.07873563
2330 3 15 20 17 1 0 0 0 0 0 0 0 379 210 236 80 136 25 35 9 1 15 8 11 9 18 18 -3753.625 0.07873553
2340 3 15 20 17 1 0 0 0 0 0 0 0 381 280 143 74 147 29 31 10 10 21 5 11 10 18 20 -3748.227 0.07865881
2350 3 15 20 17 1 0 0 0 0 0 0 0 423 316 111 88 103 31 21 10 4 21 4 11 9 18 20 -3688.772 0.0785613
2360 3 15 20 17 1 0 0 0 0 0 0 0 518 256 127 48 88 42 23 7 1 20 3 9 10 15 23 -3591.007 0.07846935
2370 3 15 20 17 1 0 0 0 0 0 0 0 531 294 110 54 61 29 20 6 1 21 3 10 10 17 23 -3463.866 0.0784491
2380 3 15 20 17 1 0 0 0 0 0 0 0 443 315 159 47 79 30 30 9 2 13 5 10 10 17 21 -3464.892 0.0784502
2390 3 15 20 17 1 0 0 0 0 0 0 0 433 308 209 44 57 26 23 10 1 15 4 12 9 16 23 -3477.192 0.07838332
2400 3 15 20 17 1 0 0 0 0 0 0 0 488 258 216 27 73 23 18 5 1 17 3 13 10 15 23 -3459.953 0.07836601
2410 3 15 20 17 1 0 0 0 0 0 0 0 447 299 164 51 76 13 48 7 2 22 3 10 10 15 23 -3621.167 0.07831863
2420 3 15 20 17 1 0 0 0 0 0 0 0 468 270 157 65 88 29 17 8 5 18 3 13 10 17 22 -3656.185 0.07833646
2430 3 15 20 17 1 0 0 0 0 0 0 0 497 253 202 22 71 20 27 11 6 19 4 11 10 15 22 -3534.98 0.07828843
2440 3 15 20 17 1 0 0 0 0 0 0 0 408 281 207 42 88 37 29 6 7 22 3 13 10 18 19 -3676.955 0.07825802
2450 3 15 20 17 1 0 0 0 0 0 0 0 345 296 162 118 104 40 34 5 8 16 3 11 10 19 19 -3685.327 0.07821414
2460 3 15 20 17 1 0 0 0 0 0 0 0 376 307 120 114 121 25 21 20 3 16 8 14 10 15 20 -3632.554 0.07824577
2470 3 15 20 17 1 0 0 0 0 0 0 0 411 220 173 92 141 24 28 23 4 15 4 10 9 16 20 -3811.034 0.07813652
2480 3 15 20 17 1 0 0 0 0 0 0 0 397 203 139 91 158 38 38 32 10 19 6 12 10 18 19 -3825.691 0.07803605
2490 3 15 20 17 1 0 0 0 0 0 0 0 409 233 167 77 129 26 37 10 16 21 4 12 12 18 19 -3793.808 0.0778599
2500 3 15 20 17 1 0 0 0 0 0 0 0 479 174 147 94 134 25 39 7 13 20 3 9 10 16 20 -3773.991 0.07776471
2510 3 15 20 17 1 0 0 0 0 0 0 0 408 156 174 166 145 24 24 11 6 15 4 9 9 18 21 -3720.439 0.07769147
2520 3 15 20 17 1 0 0 0 0 0 0 0 401 171 215 118 138 26 30 9 1 18 3 11 10 19 20 -3739.465 0.07769663
2530 3 15 20 17 1 0 0 0 0 0 0 0 444 188 145 106 141 37 40 8 1 17 4 10 9 18 22 -3733.781 0.07766189
2540 3 15 20 17 1 0 0 0 0 0 0 0 553 123 129 83 160 24 36 6 1 18 3 9 10 16 19 -3652.039 0.0776539
2550 3 15 20 17 1 0 0 0 0 0 0 0 508 181 136 97 100 48 34 10 3 16 4 8 10 15 20 -3671.406 0.07759213
2560 3 15 20 17 1 0 0 0 0 0 0 0 619 168 82 88 86 43 24 5 2 14 3 10 10 17 19 -3476.385 0.07748818
2570 3 15 20 17 1 0 0 0 0 0 0 0 695 136 81 90 73 14 21 3 2 15 4 11 9 18 18 -3313.757 0.07741447
2580 3 15 20 17 1 0 0 0 0 0 0 0 621 149 60 150 87 14 23 4 3 18 5 9 10 18 19 -3453.996 0.07735761
2590 3 15 20 17 1 0 0 0 0 0 0 0 598 181 87 107 83 28 28 7 1 10 5 9 9 17 20 -3430.61 0.07734553
2600 3 15 20 17 1 0 0 0 0 0 0 0 632 229 75 63 69 16 27 7 1 9 6 10 9 17 20 -3268.006 0.07730446
2610 3 15 20 17 1 0 0 0 0 0 0 0 636 183 109 70 60 25 25 10 3 8 3 10 10 18 20 -3331.457 0.07737103
2620 3 15 20 17 1 0 0 0 0 0 0 0 614 199 65 129 65 17 20 7 1 8 5 10 10 19 21 -3371.151 0.0774574
2630 3 15 20 17 1 0 0 0 0 0 0 0 585 193 83 136 67 19 32 12 1 7 4 7 9 16 19 -3473.214 0.0774153
2640 3 15 20 17 1 0 0 0 0 0 0 0 531 252 88 101 89 25 32 7 2 8 3 10 9 16 17 -3552.938 0.07734382
2650 3 15 20 17 1 0 0 0 0 0 0 0 600 210 103 48 102 25 25 5 1 7 4 10 10 17 23 -3454.045 0.0775403
2660 3 15 20 17 1 0 0 0 0 0 0 0 515 234 134 59 81 57 33 5 1 10 4 12 9 16 20 -3533.351 0.07789537
2670 3 15 20 17 1 0 0 0 0 0 0 0 569 227 94 38 97 51 24 9 4 15 4 9 10 17 22 -3527.196 0.07838102
2680 3 15 20 17 1 0 0 0 0 0 0 0 571 293 65 28 87 36 21 7 2 16 3 11 10 20 20 -3455.055 0.07867281
2690 3 15 20 17 1 0 0 0 0 0 0 0 675 191 70 44 69 41 28 5 1 8 3 8 10 17 20 -3346.266 0.07885102
2700 3 15 20 17 1 0 0 0 0 0 0 0 630 235 92 37 61 17 39 10 1 10 3 10 10 16 19 -3413.504 0.07908393
2710 3 15 20 17 1 0 0 0 0 0 0 0 593 249 115 49 65 22 23 6 2 7 3 9 9 17 21 -3420.207 0.07932339
2720 3 15 20 17 1 0 0 0 0 0 0 0 669 194 94 43 69 16 21 4 1 19 3 11 10 17 19 -3343.128 0.07932423
2730 3 15 20 17 1 0 0 0 0 0 0 0 618 198 147 44 60 23 19 3 1 18 3 9 10 17 20 -3384.252 0.07924298
2740 3 15 20 17 1 0 0 0 0 0 0 0 677 165 145 31 57 13 22 4 1 17 3 8 10 17 20 -3288.382 0.07912143
2750 3 15 20 17 1 0 0 0 0 0 0 0 645 229 119 20 56 17 20 5 1 17 4 11 10 17 19 -3235.912 0.07896409
2760 3 15 20 17 1 0 0 0 0 0 0 0 698 172 105 34 60 15 24 4 1 18 4 11 9 16 19 -3328.058 0.07885459
2770 3 15 20 17 1 0 0 0 0 0 0 0 665 179 108 50 59 18 25 7 2 19 4 11 9 14 20 -3397.389 0.0788298
2780 3 15 20 17 1 0 0 0 0 0 0 0 704 139 119 53 56 15 21 3 1 18 3 10 10 16 22 -3298.16 0.07877396
2790 3 15 20 17 1 0 0 0 0 0 0 0 714 103 118 52 74 27 21 3 3 13 5 10 8 19 20 -3401.902 0.07876871
2800 3 15 20 17 1 0 0 0 0 0 0 0 708 91 88 46 88 28 34 12 15 17 5 9 9 18 22 -3444.826 0.0787415
2810 3 15 20 17 1 0 0 0 0 0 0 0 635 178 96 53 81 34 28 10 1 15 3 7 10 16 23 -3544.092 0.07868656
2820 3 15 20 17 1 0 0 0 0 0 0 0 512 267 102 80 86 29 25 6 2 19 4 10 9 19 20 -3640.726 0.07870751
2830 3 15 20 17 1 0 0 0 0 0 0 0 553 273 107 56 74 15 22 5 1 20 4 13 9 19 19 -3510.394 0.07870753
2840 3 15 20 17 1 0 0 0 0 0 0 0 587 196 137 59 74 18 29 6 3 16 5 11 10 20 19 -3470.247 0.07871247
2850 3 15 20 17 1 0 0 0 0 0 0 0 582 227 122 55 79 17 21 5 1 18 6 10 9 15 23 -3486.328 0.07870854
2860 3 15 20 17 1 0 0 0 0 0 0 0 497 239 141 78 61 61 22 4 7 17 4 9 9 18 23 -3591.034 0.07867623
2870 3 15 20 17 1 0 0 0 0 0 0 0 492 299 115 77 79 24 22 3 1 15 4 9 10 17 23 -3527.873 0.07859339
2880 3 15 20 17 1 0 0 0 0 0 0 0 508 264 151 63 82 15 21 6 1 18 3 8 10 17 23 -3597.967 0.07853058
2890 3 15 20 17 1 0 0 0 0 0 0 0 531 306 129 34 56 18 23 10 2 20 3 10 10 17 21 -3458.606 0.07847693
2900 3 15 20 17 1 0 0 0 0 0 0 0 587 251 115 36 65 26 22 10 1 17 3 12 10 16 19 -3413.836 0.07842558
2910 3 15 20 17 1 0 0 0 0 0 0 0 544 255 175 31 62 16 21 6 1 18 3 11 10 18 19 -3446.203 0.07850934
2920 3 15 20 17 1 0 0 0 0 0 0 0 550 324 89 33 65 27 18 3 2 18 3 10 10 18 20 -3441.397 0.07846974
2930 3 15 20 17 1 0 0 0 0 0 0 0 478 347 104 63 61 20 33 5 3 15 3 10 10 17 21 -3497.34 0.0784113
2940 3 15 20 17 1 0 0 0 0 0 0 0 567 274 119 46 59 24 18 5 1 19 3 12 10 15 18 -3456.735 0.07831799
2950 3 15 20 17 1 0 0 0 0 0 0 0 607 187 139 54 62 31 27 7 4 17 3 10 10 13 19 -3491.028 0.07822437
2960 3 15 20 17 1 0 0 0 0 0 0 0 567 228 121 56 86 24 27 3 5 14 3 10 10 16 20 -3485.254 0.0781153
2970 3 15 20 17 1 0 0 0 0 0 0 0 674 207 44 57 85 18 19 7 1 15 4 13 10 17 19 -3390.036 0.07799093
2980 3 15 20 17 1 0 0 0 0 0 0 0 697 225 41 34 62 24 19 5 1 19 3 12 10 19 19 -3276.57 0.07791627
2990 3 15 20 17 1 0 0 0 0 0 0 0 668 215 72 44 59 15 26 7 2 19 5 10 9 18 21 -3362.231 0.07784304
3000 3 15 20 17 1 0 0 0 0 0 0 0 575 194 83 108 102 17 22 7 8 18 3 7 10 14 22 -3531.289 0.07778618
3010 3 15 20 17 1 0 0 0 0 0 0 0 573 241 107 63 66 24 25 10 3 17 6 10 7 16 22 -3587.394 0.07766828
3020 3 15 20 17 1 0 0 0 0 0 0 0 571 253 120 57 69 18 17 3 1 18 4 9 9 19 22 -3538.368 0.07762443
3030 3 15 20 17 1 0 0 0 0 0 0 0 603 230 106 50 71 23 21 8 1 15 4 10 10 18 20 -3520.118 0.07757717
3040 3 15 20 17 1 0 0 0 0 0 0 0 606 234 78 58 83 19 19 5 3 22 3 10 11 19 20 -3567.397 0.0774906
3050 3 15 20 17 1 0 0 0 0 0 0 0 572 260 95 68 66 22 24 6 1 15 3 12 11 17 18 -3563.552 0.07739634
3060 3 15 20 17 1 0 0 0 0 0 0 0 492 248 135 74 72 49 28 11 2 20 3 9 10 17 20 -3677.551 0.07735944
3070 3 15 20 17 1 0 0 0 0 0 0 0 528 222 110 72 81 54 24 8 3 25 3 9 11 19 21 -3675.974 0.07732644
3080 3 15 20 17 1 0 0 0 0 0 0 0 569 253 81 58 80 43 23 7 2 17 3 9 10 17 18 -3558.349 0.07726363
3090 3 15 20 17 1 0 0 0 0 0 0 0 671 265 44 32 53 18 27 3 1 19 3 8 10 16 20 -3173.341 0.07721211
3100 3 15 20 17 1 0 0 0 0 0 0 0 716 172 78 45 61 14 25 6 1 14 3 10 10 16 19 -3258.264 0.07716725
3110 3 15 20 17 1 0 0 0 0 0 0 0 772 140 71 31 59 13 27 3 1 15 3 8 10 18 19 -3149.462 0.07712448
3120 3 15 20 17 1 0 0 0 0 0 0 0 687 164 48 75 69 27 28 9 9 19 3 7 10 15 20 -3390.178 0.07719242
3130 3 15 20 17 1 0 0 0 0 0 0 0 677 207 83 45 58 16 20 4 2 18 4 11 9 20 16 -3300.753 0.07712299
3140 3 15 20 17 1 0 0 0 0 0 0 0 714 165 48 65 76 17 27 6 1 17 3 10 10 17 14 -3395.431 0.07703884
3150 3 15 20 17 1 0 0 0 0 0 0 0 636 133 87 115 78 37 25 5 1 16 4 11 8 20 14 -3520.81 0.07692677
3160 3 15 20 17 1 0 0 0 0 0 0 0 551 198 101 112 67 42 34 8 3 20 3 9 10 15 17 -3619.025 0.076842
3170 3 15 20 17 1 0 0 0 0 0 0 0 558 190 96 112 70 38 44 10 2 16 3 10 10 16 15 -3603.476 0.0768099
3180 3 15 20 17 1 0 0 0 0 0 0 0 556 220 98 98 64 28 37 13 1 17 4 11 10 18 15 -3587.104 0.07674982
3190 3 15 20 17 1 0 0 0 0 0 0 0 538 234 102 70 81 61 28 5 1 17 4 10 9 16 14 -3581.242 0.07673138
3200 3 15 20 17 1 0 0 0 0 0 0 0 485 260 104 70 91 50 39 12 7 17 5 8 10 17 15 -3762.223 0.07685137
3210 3 15 20 17 1 0 0 0 0 0 0 0 522 197 160 70 71 34 48 9 3 19 3 8 10 16 20 -3608.578 0.07694442
3220 3 15 20 17 1 0 0 0 0 0 0 0 492 259 133 65 76 42 34 8 4 16 3 8 11 18 21 -3607.565 0.07700385
3230 3 15 20 17 1 0 0 0 0 0 0 0 533 271 130 46 77 23 23 8 1 17 3 10 10 17 21 -3549.228 0.07701087
3240 3 15 20 17 1 0 0 0 0 0 0 0 559 254 112 41 96 23 19 4 1 19 4 10 9 16 23 -3506.325 0.07696511
3250 3 15 20 17 1 0 0 0 0 0 0 0 502 313 113 44 76 31 21 8 1 18 3 13 10 15 22 -3618.996 0.07693687
3260 3 15 20 17 1 0 0 0 0 0 0 0 514 300 123 53 66 34 16 6 1 16 4 11 9 16 21 -3526.081 0.07698184
3270 3 15 20 17 1 0 0 0 0 0 0 0 436 247 209 67 77 32 30 7 1 19 4 10 11 16 24 -3645.383 0.07699226
3280 3 15 20 17 1 0 0 0 0 0 0 0 515 273 176 39 64 16 12 7 2 18 3 17 10 15 23 -3542.66 0.07696932
3290 3 15 20 17 1 0 0 0 0 0 0 0 587 186 169 42 71 35 19 4 2 11 3 13 10 15 23 -3492.968 0.07698399
3300 3 15 20 17 1 0 0 0 0 0 0 0 561 169 154 75 70 31 32 15 1 18 4 11 10 20 19 -3644.777 0.07694763
3310 3 15 20 17 1 0 0 0 0 0 0 0 529 102 194 94 95 49 34 12 5 12 5 12 9 18 20 -3735.28 0.07687256
3320 3 15 20 17 1 0 0 0 0 0 0 0 475 95 200 171 105 31 24 7 2 20 4 10 9 17 20 -3742.132 0.07681482
3330 3 15 20 17 1 0 0 0 0 0 0 0 515 109 235 106 94 22 21 4 2 17 4 11 12 17 21 -3673.361 0.07680369
3340 3 15 20 17 1 0 0 0 0 0 0 0 569 145 187 81 66 25 24 7 4 19 3 12 10 17 21 -3574.094 0.07676328
3350 3 15 20 17 1 0 0 0 0 0 0 0 617 137 149 53 102 19 23 9 1 19 3 11 10 17 20 -3434.588 0.07674317
3360 3 15 20 17 1 0 0 0 0 0 0 0 541 225 144 86 68 20 22 5 1 17 3 9 10 17 22 -3508.731 0.07663315
3370 3 15 20 17 1 0 0 0 0 0 0 0 627 187 107 72 74 19 22 6 1 16 4 11 9 16 19 -3422.286 0.07659859
3380 3 15 20 17 1 0 0 0 0 0 0 0 567 284 113 49 55 15 23 6 1 16 3 11 10 16 21 -3409.905 0.07656009
3390 3 15 20 17 1 0 0 0 0 0 0 0 541 297 90 54 68 17 26 11 2 19 3 12 11 16 23 -3498.756 0.07652182
3400 3 15 20 17 1 0 0 0 0 0 0 0 568 281 74 78 61 25 21 4 1 15 4 13 9 16 20 -3453.417 0.07642775
3410 3 15 20 17 1 0 0 0 0 0 0 0 518 303 104 65 62 26 27 6 2 15 3 12 10 13 24 -3580.98 0.07634819
3420 3 15 20 17 1 0 0 0 0 0 0 0 524 330 92 45 79 17 18 5 1 17 3 11 10 17 21 -3442.736 0.07631988
3430 3 15 20 17 1 0 0 0 0 0 0 0 490 332 124 46 65 18 26 4 4 19 3 12 10 16 21 -3509.412 0.07626724
3440 3 15 20 17 1 0 0 0 0 0 0 0 531 324 93 50 65 20 19 3 2 21 3 11 10 19 19 -3355.248 0.07626865
3450 3 15 20 17 1 0 0 0 0 0 0 0 546 334 69 54 60 18 21 7 1 20 3 11 10 16 20 -3332.509 0.07623513
3460 3 15 20 17 1 0 0 0 0 0 0 0 621 257 72 65 60 15 19 4 2 16 3 12 10 15 19 -3388.216 0.07618724
3470 3 15 20 17 1 0 0 0 0 0 0 0 654 184 111 53 77 11 23 3 2 15 4 9 10 15 19 -3426.247 0.07624618
3480 3 15 20 17 1 0 0 0 0 0 0 0 667 187 99 33 72 17 20 4 8 20 4 8 10 18 23 -3468.008 0.07628948
3490 3 15 20 17 1 0 0 0 0 0 0 0 565 207 145 41 90 41 18 5 1 16 3 9 9 16 24 -3559.756 0.07618004
3500 3 15 20 17 1 0 0 0 0 0 0 0 546 158 159 74 103 45 17 4 2 19 4 11 9 15 24 -3598.289 0.07613045
3510 3 15 20 17 1 0 0 0 0 0 0 0 706 98 82 56 89 55 22 5 1 15 4 12 8 17 20 -3427.243 0.07603326
3520 3 15 20 17 1 0 0 0 0 0 0 0 673 124 95 83 71 18 39 10 1 16 3 11 10 17 19 -3508.402 0.07591673
3530 3 15 20 17 1 0 0 0 0 0 0 0 716 126 63 66 66 26 34 3 5 20 4 10 10 22 19 -3369.177 0.07581117
3540 3 15 20 17 1 0 0 0 0 0 0 0 607 153 125 37 97 46 29 8 9 16 4 12 9 19 19 -3585.935 0.07572521
3550 3 15 20 17 1 0 0 0 0 0 0 0 525 222 174 51 78 22 26 5 1 17 6 11 11 18 23 -3638.477 0.07566418
3560 3 15 20 17 1 0 0 0 0 0 0 0 545 200 169 49 71 38 20 7 2 22 5 16 10 14 22 -3671.917 0.07569162
3570 3 15 20 17 1 0 0 0 0 0 0 0 614 145 133 85 64 20 35 7 4 21 3 11 10 17 21 -3506.735 0.07569538
3580 3 15 20 17 1 0 0 0 0 0 0 0 669 145 108 40 70 17 46 7 1 24 3 10 10 17 23 -3422.912 0.07567642
3590 3 15 20 17 1 0 0 0 0 0 0 0 652 199 101 38 69 19 29 4 1 17 4 10 10 17 20 -3434.118 0.07564976
3600 3 15 20 17 1 0 0 0 0 0 0 0 687 221 42 59 66 14 22 4 2 14 3 11 10 15 20 -3293.917 0.07556334
3610 3 15 20 17 1 0 0 0 0 0 0 0 657 279 36 31 61 19 23 3 2 16 3 9 10 21 20 -3264.888 0.07546653
3620 3 15 20 17 1 0 0 0 0 0 0 0 601 284 41 39 83 25 20 13 2 18 4 9 9 20 22 -3395.648 0.07542055
3630 3 15 20 17 1 0 0 0 0 0 0 0 579 256 105 49 77 22 16 6 2 17 4 11 9 17 20 -3480.714 0.07539721
3640 3 15 20 17 1 0 0 0 0 0 0 0 594 307 65 29 67 14 18 8 1 23 4 10 9 17 24 -3377.48 0.0753763
3650 3 15 20 17 1 0 0 0 0 0 0 0 551 346 72 24 57 27 24 4 3 18 4 10 9 20 21 -3353.725 0.07536472
3660 3 15 20 17 1 0 0 0 0 0 0 0 541 270 142 42 75 15 22 4 1 16 5 13 9 17 18 -3423.327 0.07534861
3670 3 15 20 17 1 0 0 0 0 0 0 0 530 242 160 63 61 20 29 8 4 16 4 11 8 15 19 -3637.776 0.07531579
3680 3 15 20 17 1 0 0 0 0 0 0 0 520 224 163 67 81 27 24 6 1 16 3 11 10 16 21 -3657.419 0.07525804
3690 3 15 20 17 1 0 0 0 0 0 0 0 475 233 174 56 80 55 22 7 7 19 3 12 10 17 20 -3675.944 0.07523931
3700 3 15 20 17 1 0 0 0 0 0 0 0 426 239 148 89 103 46 27 15 15 19 4 10 11 17 21 -3812.332 0.07527216
3710 3 15 20 17 1 0 0 0 0 0 0 0 455 172 175 107 97 40 36 17 12 17 4 10 11 15 22 -3716.485 0.07522707
3720 3 15 20 17 1 0 0 0 0 0 0 0 597 164 113 100 74 23 20 9 6 22 3 12 10 14 23 -3666.563 0.07516189
3730 3 15 20 17 1 0 0 0 0 0 0 0 580 166 119 80 85 35 33 10 1 18 3 9 10 18 23 -3646.508 0.0751669
3740 3 15 20 17 1 0 0 0 0 0 0 0 585 156 108 68 90 69 26 7 1 17 4 13 10 16 20 -3588.068 0.07511871
3750 3 15 20 17 1 0 0 0 0 0 0 0 606 137 120 43 106 53 31 8 4 20 3 8 10 19 22 -3611.827 0.07510289
3760 3 15 20 17 1 0 0 0 0 0 0 0 580 208 136 53 75 31 23 4 3 15 4 11 10 18 19 -3535.662 0.07509908
3770 3 15 20 17 1 0 0 0 0 0 0 0 669 201 69 48 65 34 23 5 3 15 4 11 10 14 19 -3392.4 0.07500984
3780 3 15 20 17 1 0 0 0 0 0 0 0 618 227 56 70 96 21 16 8 3 13 4 12 9 17 20 -3457.035 0.07493738
3790 3 15 20 17 1 0 0 0 0 0 0 0 667 227 68 52 56 16 24 4 1 16 3 12 10 16 18 -3355.403 0.07485052
3800 3 15 20 17 1 0 0 0 0 0 0 0 602 235 104 53 51 15 36 7 6 20 3 10 10 18 20 -3469.185 0.07483341
3810 3 15 20 17 1 0 0 0 0 0 0 0 650 172 67 87 77 20 26 9 3 17 3 10 10 18 21 -3538.682 0.07478698
3820 3 15 20 17 1 0 0 0 0 0 0 0 701 166 96 45 63 16 20 4 2 12 4 10 9 20 22 -3337.726 0.07474592
3830 3 15 20 17 1 0 0 0 0 0 0 0 780 119 80 29 67 10 21 5 1 16 3 12 11 16 20 -3194.534 0.0746729
3840 3 15 20 17 1 0 0 0 0 0 0 0 777 91 46 35 101 36 22 8 1 14 4 12 9 16 18 -3235.623 0.07457691
3850 3 15 20 17 1 0 0 0 0 0 0 0 772 89 47 52 91 30 27 4 2 16 3 9 10 15 23 -3278.115 0.07452581
3860 3 15 20 17 1 0 0 0 0 0 0 0 782 117 41 50 77 18 19 3 3 17 3 12 10 17 21 -3197.3 0.07450472
3870 3 15 20 17 1 0 0 0 0 0 0 0 635 157 96 58 107 29 33 3 1 12 3 9 10 16 21 -3476.128 0.07447796
3880 3 15 20 17 1 0 0 0 0 0 0 0 670 189 72 64 68 21 24 4 2 15 4 12 9 17 19 -3308.898 0.07443617
3890 3 15 20 17 1 0 0 0 0 0 0 0 681 151 101 45 76 23 27 3 1 19 5 10 10 17 21 -3393.068 0.07441547
3900 3 15 20 17 1 0 0 0 0 0 0 0 635 239 65 36 82 27 25 6 2 19 4 7 8 14 21 -3315.723 0.07438914
3910 3 15 20 17 1 0 0 0 0 0 0 0 635 219 81 38 93 18 20 4 1 18 4 10 9 17 23 -3424.011 0.07436437
3920 3 15 20 17 1 0 0 0 0 0 0 0 622 157 89 83 119 11 21 10 1 16 4 11 9 18 19 -3455.009 0.07440833
3930 3 15 20 17 1 0 0 0 0 0 0 0 638 204 94 52 77 19 26 4 2 14 3 9 10 17 21 -3364.908 0.07448343
3940 3 15 20 17 1 0 0 0 0 0 0 0 582 228 93 80 88 15 22 8 3 14 4 9 9 16 19 -3450.659 0.07437828
3950 3 15 20 17 1 0 0 0 0 0 0 0 589 224 89 87 68 18 29 4 2 19 3 12 10 17 19 -3452.843 0.07430983
3960 3 15 20 17 1 0 0 0 0 0 0 0 581 240 62 62 81 30 21 31 2 16 3 11 10 17 23 -3473.359 0.07426364
3970 3 15 20 17 1 0 0 0 0 0 0 0 605 222 91 49 65 26 24 22 8 17 4 12 10 15 20 -3458.43 0.07428896
3980 3 15 20 17 1 0 0 0 0 0 0 0 598 164 109 100 77 26 28 9 5 14 3 12 11 14 20 -3438.875 0.0742494
3990 3 15 20 17 1 0 0 0 0 0 0 0 596 123 125 120 85 28 26 5 3 17 4 10 10 17 21 -3385.612 0.07421144
4000 3 15 20 17 1 0 0 0 0 0 0 0 589 184 98 111 77 24 22 6 2 20 3 10 9 15 20 -3511.986 0.0742605
4010 3 15 20 17 1 0 0 0 0 0 0 0 551 209 120 67 88 31 29 14 4 17 3 11 10 15 21 -3580.599 0.07419896
4020 3 15 20 17 1 0 0 0 0 0 0 0 501 181 161 75 117 26 31 20 1 16 3 11 10 18 19 -3732.33 0.07413702
4030 3 15 20 17 1 0 0 0 0 0 0 0 486 183 198 70 75 54 37 9 4 15 3 10 10 15 21 -3736.588 0.07415532
4040 3 15 20 17 1 0 0 0 0 0 0 0 451 209 158 129 95 30 26 10 1 22 3 8 9 16 23 -3728.054 0.07412569
4050 3 15 20 17 1 0 0 0 0 0 0 0 482 232 157 67 91 30 27 19 3 19 6 9 11 16 21 -3786.483 0.07413978
4060 3 15 20 17 1 0 0 0 0 0 0 0 508 258 138 49 78 25 32 10 4 21 8 11 10 16 22 -3733.045 0.07413448
4070 3 15 20 17 1 0 0 0 0 0 0 0 582 215 131 55 72 25 23 6 1 20 3 12 10 13 22 -3563.465 0.07411132
4080 3 15 20 17 1 0 0 0 0 0 0 0 544 177 152 95 65 19 30 12 6 25 4 16 9 13 23 -3660.704 0.0740402
4090 3 15 20 17 1 0 0 0 0 0 0 0 573 187 141 86 62 20 25 15 4 16 4 12 9 14 22 -3625.582 0.07399273
4100 3 15 20 17 1 0 0 0 0 0 0 0 513 244 150 65 63 41 21 4 2 19 4 20 9 13 22 -3571.437 0.07395368
4110 3 15 20 17 1 0 0 0 0 0 0 0 526 278 82 41 105 30 30 8 5 19 6 14 11 12 23 -3646.018 0.07389029
4120 3 15 20 17 1 0 0 0 0 0 0 0 501 293 100 61 88 26 25 10 6 17 5 11 9 15 23 -3732.801 0.07381088
4130 3 15 20 17 1 0 0 0 0 0 0 0 506 282 101 79 62 30 25 10 5 21 3 20 10 13 23 -3704.019 0.07376374
4140 3 15 20 17 1 0 0 0 0 0 0 0 566 218 103 105 56 21 26 8 1 19 3 17 8 15 24 -3480.358 0.07375472
4150 3 15 20 17 1 0 0 0 0 0 0 0 541 241 124 79 66 18 19 9 2 18 4 28 5 10 26 -3585.841 0.07372009
4160 3 15 20 17 1 0 0 0 0 0 0 0 563 153 193 68 60 30 20 5 6 18 3 23 9 14 25 -3506.565 0.07372266
4170 3 15 20 17 1 0 0 0 0 0 0 0 490 216 186 96 56 24 23 5 1 20 3 20 10 16 24 -3560.265 0.0737091
4180 3 15 20 17 1 0 0 0 0 0 0 0 457 269 206 54 47 19 35 6 3 18 3 21 10 19 23 -3526.456 0.07374117
4190 3 15 20 17 1 0 0 0 0 0 0 0 407 302 220 45 83 20 14 8 1 15 3 23 10 16 23 -3488.317 0.0738112
4200 3 15 20 17 1 0 0 0 0 0 0 0 458 284 201 42 63 24 18 5 4 19 3 21 10 14 24 -3513.797 0.07382353
4210 3 15 20 17 1 0 0 0 0 0 0 0 400 352 181 33 68 16 38 6 3 20 3 18 11 18 23 -3507.821 0.07380586
4220 3 15 20 17 1 0 0 0 0 0 0 0 408 309 210 35 69 27 29 5 3 23 3 17 10 19 23 -3574.016 0.07381085
4230 3 15 20 17 1 0 0 0 0 0 0 0 377 310 219 66 69 29 23 4 1 19 4 16 10 20 23 -3693.572 0.07378535
4240 3 15 20 17 1 0 0 0 0 0 0 0 475 215 238 52 62 23 29 3 1 21 4 18 9 16 24 -3583.956 0.07376922
4250 3 15 20 17 1 0 0 0 0 0 0 0 463 175 308 44 60 15 24 6 2 20 3 21 10 15 24 -3573.262 0.07375449
4260 3 15 20 17 1 0 0 0 0 0 0 0 486 185 290 37 42 14 26 4 3 22 3 20 10 24 24 -3589.796 0.07372404
4270 3 15 20 17 1 0 0 0 0 0 0 0 498 196 255 40 52 21 22 7 1 17 3 23 10 21 24 -3550.289 0.07369636
4280 3 15 20 17 1 0 0 0 0 0 0 0 548 187 221 44 39 16 21 5 3 21 3 25 10 24 23 -3422.512 0.07365376
4290 3 15 20 17 1 0 0 0 0 0 0 0 607 155 163 53 67 25 19 8 1 17 3 24 10 16 22 -3459.665 0.0736107
4300 3 15 20 17 1 0 0 0 0 0 0 0 568 211 123 84 65 20 18 3 2 22 3 22 11 15 23 -3420.673 0.07356524
4310 3 15 20 17 1 0 0 0 0 0 0 0 537 233 105 58 93 28 21 12 1 20 5 21 10 22 24 -3569.6 0.07358043
4320 3 15 20 17 1 0 0 0 0 0 0 0 575 222 91 54 89 31 22 5 1 21 3 22 10 20 24 -3567.661 0.073615
4330 3 15 20 17 1 0 0 0 0 0 0 0 673 278 29 21 49 14 25 4 1 19 3 18 10 22 24 -3183.498 0.07360348
4340 3 15 20 17 1 0 0 0 0 0 0 0 633 285 67 18 45 15 23 6 1 20 4 18 10 21 24 -3273.424 0.07356556
4350 3 15 20 17 1 0 0 0 0 0 0 0 641 230 96 36 39 21 19 6 1 19 4 22 10 22 24 -3379.509 0.07353746
4360 3 15 20 17 1 0 0 0 0 0 0 0 689 198 78 31 55 23 26 4 1 17 5 18 10 12 23 -3348.496 0.07351335
4370 3 15 20 17 1 0 0 0 0 0 0 0 693 197 79 34 45 21 21 4 1 18 3 21 10 19 24 -3322.227 0.07353101
4380 3 15 20 17 1 0 0 0 0 0 0 0 625 275 52 48 50 18 18 3 2 19 3 24 10 20 23 -3342.946 0.07357993
4390 3 15 20 17 1 0 0 0 0 0 0 0 626 253 64 41 46 23 28 6 1 18 7 18 11 25 23 -3423.253 0.07360311
4400 3 15 20 17 1 0 0 0 0 0 0 0 523 308 105 50 53 19 31 6 1 19 3 21 10 17 24 -3501.949 0.07364018
4410 3 15 20 17 1 0 0 0 0 0 0 0 544 310 101 62 39 15 19 4 1 19 3 24 10 17 22 -3356.389 0.07363072
4420 3 15 20 17 1 0 0 0 0 0 0 0 581 264 82 63 49 20 27 7 1 18 4 22 9 19 24 -3401.062 0.07364665
4430 3 15 20 17 1 0 0 0 0 0 0 0 589 242 93 51 59 15 33 4 5 19 4 17 10 26 23 -3420.195 0.07369033
4440 3 15 20 17 1 0 0 0 0 0 0 0 573 279 82 47 56 18 30 4 2 20 3 17 10 25 24 -3468.694 0.07368461
4450 3 15 20 17 1 0 0 0 0 0 0 0 511 287 108 100 44 16 26 6 1 21 4 17 9 17 23 -3527.29 0.07366506
4460 3 15 20 17 1 0 0 0 0 0 0 0 545 233 87 104 53 29 33 5 4 24 4 18 10 17 24 -3489.183 0.07367952
4470 3 15 20 17 1 0 0 0 0 0 0 0 560 260 92 57 57 23 33 11 8 17 4 18 9 16 25 -3408.222 0.07367573
4480 3 15 20 17 1 0 0 0 0 0 0 0 538 208 152 74 72 25 23 8 1 16 4 19 9 17 24 -3444.397 0.07370261
4490 3 15 20 17 1 0 0 0 0 0 0 0 561 191 114 65 96 30 27 5 4 22 4 23 10 15 23 -3519.106 0.07372187
4500 3 15 20 17 1 0 0 0 0 0 0 0 588 158 145 37 100 32 31 4 2 16 6 18 8 20 25 -3487.614 0.07375848
4510 3 15 20 17 1 0 0 0 0 0 0 0 597 173 145 58 44 49 23 7 1 19 3 19 9 20 23 -3378.915 0.0737912
4520 3 15 20 17 1 0 0 0 0 0 0 0 652 109 143 94 37 29 26 5 2 17 3 17 10 23 23 -3265.841 0.07381076
4530 3 15 20 17 1 0 0 0 0 0 0 0 578 205 139 63 44 33 30 6 1 22 3 15 10 19 22 -3449.876 0.07382344
4540 3 15 20 17 1 0 0 0 0 0 0 0 603 235 60 57 76 22 29 6 1 23 3 20 10 22 23 -3377.224 0.07379163
4550 3 15 20 17 1 0 0 0 0 0 0 0 584 273 40 72 51 28 30 10 4 18 3 19 10 24 24 -3366.597 0.07378398
4560 3 15 20 17 1 0 0 0 0 0 0 0 598 280 52 70 40 15 28 3 2 18 4 17 9 31 23 -3271.718 0.07378557
4570 3 15 20 17 1 0 0 0 0 0 0 0 588 219 108 66 53 20 25 5 2 20 3 22 11 24 24 -3460.084 0.07377857
4580 3 15 20 17 1 0 0 0 0 0 0 0 584 243 90 62 37 31 32 4 1 28 3 18 10 24 23 -3440.032 0.07378261
4590 3 15 20 17 1 0 0 0 0 0 0 0 608 251 83 65 47 15 25 4 1 18 3 16 10 23 21 -3390.29 0.0737665
4600 3 15 20 17 1 0 0 0 0 0 0 0 570 199 133 44 75 28 34 6 5 21 3 17 10 22 23 -3482.644 0.0737468
4610 3 15 20 17 1 0 0 0 0 0 0 0 606 244 91 32 61 29 27 4 1 19 3 20 10 20 23 -3423.901 0.07376
4620 3 15 20 17 1 0 0 0 0 0 0 0 528 265 123 56 48 22 35 8 5 23 3 21 10 22 21 -3579.422 0.0737786
4630 3 15 20 17 1 0 0 0 0 0 0 0 548 264 127 50 45 21 22 10 2 20 4 21 10 23 23 -3591.055 0.0738068
4640 3 15 20 17 1 0 0 0 0 0 0 0 558 206 188 35 43 17 29 4 8 21 4 16 14 24 23 -3574.547 0.0738053
4650 3 15 20 17 1 0 0 0 0 0 0 0 568 173 190 63 43 20 29 7 2 20 3 17 10 23 22 -3534.096 0.07381043
4660 3 15 20 17 1 0 0 0 0 0 0 0 571 160 190 59 56 23 35 4 1 18 3 17 10 19 24 -3635 0.07387625
4670 3 15 20 17 1 0 0 0 0 0 0 0 516 210 211 61 51 20 18 4 1 20 3 23 10 20 22 -3516.147 0.0738992
4680 3 15 20 17 1 0 0 0 0 0 0 0 424 291 172 76 81 17 18 9 1 18 3 24 10 24 22 -3583.477 0.07395557
4690 3 15 20 17 1 0 0 0 0 0 0 0 355 320 159 144 72 17 20 5 4 20 3 19 10 18 24 -3589.645 0.07411442
4700 3 15 20 17 1 0 0 0 0 0 0 0 444 357 116 74 50 19 19 7 1 23 5 21 10 21 23 -3538.276 0.07419214
4710 3 15 20 17 1 0 0 0 0 0 0 0 448 345 121 85 47 20 18 4 1 22 3 21 10 22 23 -3423.114 0.07419104
4720 3 15 20 17 1 0 0 0 0 0 0 0 499 267 95 80 81 40 25 6 3 17 5 20 10 18 24 -3509.54 0.0742742
4730 3 15 20 17 1 0 0 0 0 0 0 0 655 129 82 57 86 50 23 6 2 20 3 21 11 20 25 -3491.3 0.074267
4740 3 15 20 17 1 0 0 0 0 0 0 0 644 174 67 55 70 45 22 6 1 22 3 21 10 29 21 -3467.788 0.07430002
4750 3 15 20 17 1 0 0 0 0 0 0 0 659 204 57 34 64 55 23 4 1 20 4 16 9 19 21 -3361.362 0.07429692
4760 3 15 20 17 1 0 0 0 0 0 0 0 588 231 118 27 84 19 24 3 1 21 3 16 10 21 24 -3333.05 0.07429972
4770 3 15 20 17 1 0 0 0 0 0 0 0 618 234 95 45 49 20 23 6 1 21 3 19 10 22 24 -3461.461 0.07431132
4780 3 15 20 17 1 0 0 0 0 0 0 0 611 217 79 50 86 18 30 3 1 21 3 15 10 23 23 -3479.825 0.07431349
4790 3 15 20 17 1 0 0 0 0 0 0 0 620 243 47 35 94 17 25 5 1 26 3 20 10 20 24 -3457.509 0.07433671
4800 3 15 20 17 1 0 0 0 0 0 0 0 640 236 57 46 69 23 25 3 2 18 4 16 11 16 24 -3457.427 0.07432948
4810 3 15 20 17 1 0 0 0 0 0 0 0 638 197 122 24 62 23 22 6 1 14 3 22 10 22 24 -3422.524 0.07434267
4820 3 15 20 17 1 0 0 0 0 0 0 0 568 238 142 50 48 25 26 3 1 17 3 18 10 17 24 -3563.247 0.074368
4830 3 15 20 17 1 0 0 0 0 0 0 0 508 245 141 66 71 35 24 3 2 21 4 18 9 20 23 -3568.488 0.07437816
4840 3 15 20 17 1 0 0 0 0 0 0 0 546 303 119 40 43 18 24 4 1 20 4 19 10 15 24 -3379.533 0.07433618
4850 3 15 20 17 1 0 0 0 0 0 0 0 553 235 111 82 63 18 17 10 1 20 3 23 10 23 21 -3495.951 0.07433654
4860 3 15 20 17 1 0 0 0 0 0 0 0 561 180 169 75 60 24 21 3 2 16 4 22 10 19 24 -3557.883 0.07435822
4870 3 15 20 17 1 0 0 0 0 0 0 0 544 159 149 108 62 21 39 5 2 22 4 17 9 25 24 -3593.35 0.07432977
4880 3 15 20 17 1 0 0 0 0 0 0 0 560 178 154 55 92 26 27 4 2 17 3 17 11 20 24 -3548.888 0.074298
4890 3 15 20 17 1 0 0 0 0 0 0 0 504 231 142 90 47 27 37 6 2 20 3 17 10 30 24 -3575.244 0.07430359
4900 3 15 20 17 1 0 0 0 0 0 0 0 600 165 132 103 43 12 24 5 3 17 4 22 9 28 23 -3459.896 0.07430001
4910 3 15 20 17 1 0 0 0 0 0 0 0 637 135 122 59 46 35 31 16 13 22 4 18 9 19 24 -3509.76 0.07433809
4920 3 15 20 17 1 0 0 0 0 0 0 0 686 136 75 37 62 25 40 27 4 20 4 18 10 22 24 -3457.781 0.07429858
4930 3 15 20 17 1 0 0 0 0 0 0 0 561 227 80 86 69 26 35 15 3 17 3 18 10 16 24 -3648.3 0.07427515
4940 3 15 20 17 1 0 0 0 0 0 0 0 667 209 48 48 54 30 24 10 2 20 4 20 10 19 25 -3467.792 0.07427222
4950 3 15 20 17 1 0 0 0 0 0 0 0 601 244 74 34 65 21 29 15 3 29 5 18 7 23 22 -3473.608 0.07426761
4960 3 15 20 17 1 0 0 0 0 0 0 0 613 228 76 39 46 41 19 22 8 20 4 23 12 15 24 -3436.22 0.07429577
4970 3 15 20 17 1 0 0 0 0 0 0 0 656 200 77 36 43 28 19 35 1 21 3 21 10 18 22 -3373.165 0.07429056
4980 3 15 20 17 1 0 0 0 0 0 0 0 587 250 91 50 77 18 21 5 1 19 3 20 10 17 21 -3477.647 0.07428481
4990 3 15 20 17 1 0 0 0 0 0 0 0 586 211 97 94 65 19 22 6 2 17 3 20 10 17 21 -3544.083 0.07432905
5000 3 15 20 17 1 0 0 0 0 0 0 0 587 239 123 29 67 18 20 5 1 18 3 26 11 20 23 -3415.954 0.07444818
5010 3 15 20 17 1 0 0 0 0 0 0 0 590 241 89 48 44 30 32 9 1 21 4 21 9 27 24 -3417.348 0.07464399
5020 3 15 20 17 1 0 0 0 0 0 0 0 615 254 64 38 53 19 30 13 4 22 3 16 10 23 26 -3395.145 0.07475588
5030 3 15 20 17 1 0 0 0 0 0 0 0 639 278 65 32 33 19 21 4 1 25 3 20 10 19 21 -3283.517 0.07475372
5040 3 15 20 17 1 0 0 0 0 0 0 0 618 283 55 48 41 17 24 4 1 20 4 19 10 22 24 -3268.264 0.07476713
5050 3 15 20 17 1 0 0 0 0 0 0 0 553 318 64 35 67 20 21 13 4 20 3 19 11 18 24 -3418.224 0.07487755
5060 3 15 20 17 1 0 0 0 0 0 0 0 615 250 98 28 57 19 28 3 1 16 3 19 10 20 23 -3397.861 0.07494547
5070 3 15 20 17 1 0 0 0 0 0 0 0 664 235 69 37 34 15 25 3 2 21 3 20 11 27 24 -3322.541 0.07495069
5080 3 15 20 17 1 0 0 0 0 0 0 0 601 227 76 61 77 24 23 3 1 21 3 19 10 22 22 -3471.755 0.07493163
5090 3 15 20 17 1 0 0 0 0 0 0 0 637 217 74 57 48 25 26 6 3 20 4 20 9 20 24 -3436.634 0.07489117
5100 3 15 20 17 1 0 0 0 0 0 0 0 575 216 95 79 64 21 32 7 4 20 3 17 10 23 24 -3510.815 0.07486461
5110 3 15 20 17 1 0 0 0 0 0 0 0 651 193 73 70 53 16 28 7 1 22 3 16 10 23 24 -3377.595 0.07481568
5120 3 15 20 17 1 0 0 0 0 0 0 0 613 238 117 43 38 18 26 5 1 19 3 16 10 19 24 -3397.803 0.07478937
5130 3 15 20 17 1 0 0 0 0 0 0 0 589 222 162 31 41 15 24 3 2 23 5 21 10 18 24 -3415.314 0.07475934
5140 3 15 20 17 1 0 0 0 0 0 0 0 630 217 135 28 28 18 23 3 2 23 3 21 10 25 24 -3319.42 0.07475286
5150 3 15 20 17 1 0 0 0 0 0 0 0 681 186 101 34 31 16 27 11 1 22 3 20 10 24 23 -3367.924 0.07475347
5160 3 15 20 17 1 0 0 0 0 0 0 0 652 143 125 67 36 10 31 11 16 23 4 17 9 22 24 -3474.95 0.07472369
5170 3 15 20 17 1 0 0 0 0 0 0 0 571 203 174 43 45 18 29 7 3 19 3 21 10 21 23 -3499.51 0.0747612
5180 3 15 20 17 1 0 0 0 0 0 0 0 599 217 154 39 35 20 25 3 1 15 3 19 10 25 25 -3412.874 0.0747937
5190 3 15 20 17 1 0 0 0 0 0 0 0 672 189 100 45 46 17 22 4 1 18 4 20 9 19 24 -3397.061 0.07482176
5200 3 15 20 17 1 0 0 0 0 0 0 0 610 240 102 50 46 17 23 6 1 18 5 18 10 20 24 -3486.622 0.07486156
5210 3 15 20 17 1 0 0 0 0 0 0 0 682 189 84 31 54 23 26 8 1 21 3 15 10 20 23 -3406.508 0.07487218
5220 3 15 20 17 1 0 0 0 0 0 0 0 601 248 78 56 50 20 28 4 1 23 3 22 10 21 25 -3498.787 0.07484089
5230 3 15 20 17 1 0 0 0 0 0 0 0 567 241 112 75 51 18 23 5 1 22 3 18 10 20 24 -3517.265 0.07486276
5240 3 15 20 17 1 0 0 0 0 0 0 0 508 239 131 92 72 21 28 7 2 16 4 20 10 19 21 -3689.528 0.07488774
5250 3 15 20 17 1 0 0 0 0 0 0 0 396 339 163 71 70 19 23 13 1 24 3 17 10 18 23 -3711.769 0.07489556
5260 3 15 20 17 1 0 0 0 0 0 0 0 378 364 105 104 71 26 26 9 2 19 3 20 10 28 25 -3689.572 0.07496938
5270 3 15 20 17 1 0 0 0 0 0 0 0 313 402 104 142 78 24 33 4 1 18 3 18 10 17 23 -3600.749 0.07497914
5280 3 15 20 17 1 0 0 0 0 0 0 0 251 405 161 121 69 38 32 16 5 22 3 18 10 17 22 -3769.465 0.07506684
5290 3 15 20 17 1 0 0 0 0 0 0 0 261 404 137 87 121 36 34 12 3 20 6 19 11 16 23 -3873.227 0.07518123
5300 3 15 20 17 1 0 0 0 0 0 0 0 265 387 225 60 94 32 28 7 1 17 3 17 10 21 23 -3624.042 0.07520057
5310 3 15 20 17 1 0 0 0 0 0 0 0 278 430 188 45 77 23 40 9 1 19 3 21 9 23 24 -3531.843 0.07517764
5320 3 15 20 17 1 0 0 0 0 0 0 0 375 373 187 55 41 22 41 4 2 16 3 15 10 22 24 -3460.378 0.07515954
5330 3 15 20 17 1 0 0 0 0 0 0 0 381 366 187 57 53 19 29 4 4 16 3 17 11 18 25 -3477.956 0.07513572
5340 3 15 20 17 1 0 0 0 0 0 0 0 448 330 136 69 60 14 26 4 2 22 3 18 10 25 23 -3501.47 0.07515973
5350 3 15 20 17 1 0 0 0 0 0 0 0 440 339 175 44 38 20 32 7 2 20 3 16 10 22 22 -3484.15 0.07518888
5360 3 15 20 17 1 0 0 0 0 0 0 0 471 290 199 38 47 18 30 4 2 19 4 16 10 19 23 -3387.625 0.07516462
5370 3 15 20 17 1 0 0 0 0 0 0 0 444 346 157 41 49 20 33 4 2 19 3 15 10 24 23 -3446.231 0.07517644
5380 3 15 20 17 1 0 0 0 0 0 0 0 435 330 131 57 74 18 27 20 3 23 4 18 9 16 25 -3660.303 0.07515698
5390 3 15 20 17 1 0 0 0 0 0 0 0 479 309 117 62 65 23 34 6 5 20 3 17 10 18 22 -3589.28 0.07515162
5400 3 15 20 17 1 0 0 0 0 0 0 0 478 305 112 75 57 13 28 25 5 19 6 18 9 18 22 -3631.515 0.07513591
5410 3 15 20 17 1 0 0 0 0 0 0 0 532 280 89 54 38 22 49 24 5 23 4 19 9 19 23 -3562.32 0.07514821
5420 3 15 20 17 1 0 0 0 0 0 0 0 500 239 165 61 46 31 25 13 9 21 3 18 11 25 23 -3611.224 0.07515117
5430 3 15 20 17 1 0 0 0 0 0 0 0 469 213 195 98 56 32 25 5 1 17 4 20 10 22 23 -3667.685 0.07519332
5440 3 15 20 17 1 0 0 0 0 0 0 0 433 263 167 111 59 20 27 4 1 24 3 17 10 26 25 -3661.065 0.07520288
5450 3 15 20 17 1 0 0 0 0 0 0 0 441 254 216 62 59 31 21 3 3 21 4 22 11 17 25 -3659.432 0.07522216
5460 3 15 20 17 1 0 0 0 0 0 0 0 589 205 148 60 45 20 27 6 2 18 4 18 9 15 24 -3530.095 0.07521881
5470 3 15 20 17 1 0 0 0 0 0 0 0 599 173 163 41 52 30 19 4 2 22 4 21 9 27 24 -3491.833 0.07523492
5480 3 15 20 17 1 0 0 0 0 0 0 0 608 169 89 83 64 25 39 10 1 22 5 18 10 23 24 -3552.484 0.07522797
5490 3 15 20 17 1 0 0 0 0 0 0 0 557 146 165 75 82 32 32 7 1 20 4 18 9 19 23 -3596.922 0.07523381
5500 3 15 20 17 1 0 0 0 0 0 0 0 543 151 133 58 109 34 48 10 3 19 4 20 10 24 24 -3703.222 0.07524013
5510 3 15 20 17 1 0 0 0 0 0 0 0 475 126 249 73 97 38 38 7 2 17 5 16 9 16 22 -3761.092 0.07525965
5520 3 15 20 17 1 0 0 0 0 0 0 0 516 230 130 57 71 26 40 16 5 19 4 19 10 24 23 -3664.05 0.0752654
5530 3 15 20 17 1 0 0 0 0 0 0 0 504 234 141 55 51 26 46 29 3 19 3 17 10 28 24 -3648.562 0.07527213
5540 3 15 20 17 1 0 0 0 0 0 0 0 557 139 201 73 81 18 26 6 1 20 4 18 9 13 24 -3586.134 0.07529857
5550 3 15 20 17 1 0 0 0 0 0 0 0 486 142 232 40 107 31 37 11 1 31 3 19 10 16 24 -3621.233 0.07535569
5560 3 15 20 17 1 0 0 0 0 0 0 0 379 206 193 97 91 45 42 20 14 22 4 19 9 25 24 -3801.716 0.07541916
5570 3 15 20 17 1 0 0 0 0 0 0 0 481 171 138 98 91 43 41 23 6 22 3 18 10 21 24 -3797.508 0.07549196
5580 3 15 20 17 1 0 0 0 0 0 0 0 444 293 110 46 76 61 38 12 12 20 4 19 9 22 24 -3768.982 0.07549271
5590 3 15 20 17 1 0 0 0 0 0 0 0 498 257 190 45 42 23 29 8 2 22 5 14 9 23 23 -3509.261 0.07551801
5600 3 15 20 17 1 0 0 0 0 0 0 0 523 173 182 74 52 20 50 12 2 24 6 17 10 20 25 -3508.288 0.07553471
5610 3 15 20 17 1 0 0 0 0 0 0 0 491 209 157 63 76 30 43 17 6 26 6 18 9 16 23 -3801.566 0.0756692
5620 3 15 20 17 1 0 0 0 0 0 0 0 439 197 142 115 94 46 30 15 5 26 3 19 12 23 24 -3865.892 0.07568358
5630 3 15 20 17 1 0 0 0 0 0 0 0 423 219 143 130 76 45 35 13 1 25 3 18 10 26 23 -3643.262 0.07572528
5640 3 15 20 17 1 0 0 0 0 0 0 0 393 231 163 107 68 65 35 26 2 20 3 17 10 26 24 -3670.744 0.07571717
5650 3 15 20 17 1 0 0 0 0 0 0 0 462 258 137 73 50 38 51 9 14 20 7 19 9 19 24 -3746.259 0.07569669
5660 3 15 20 17 1 0 0 0 0 0 0 0 469 300 127 39 73 33 33 13 9 21 3 18 10 18 24 -3650.947 0.07568271
5670 3 15 20 17 1 0 0 0 0 0 0 0 517 258 106 55 97 16 32 8 5 13 3 19 10 28 23 -3565.277 0.07568805
5680 3 15 20 17 1 0 0 0 0 0 0 0 519 211 122 81 68 15 37 24 6 22 3 17 10 32 23 -3523.545 0.07573727
5690 3 15 20 17 1 0 0 0 0 0 0 0 544 167 115 103 100 17 31 13 2 22 5 18 10 21 22 -3581.583 0.07587935
5700 3 15 20 17 1 0 0 0 0 0 0 0 562 144 101 104 72 45 57 7 1 21 5 19 12 16 24 -3623.623 0.0760401
5710 3 15 20 17 1 0 0 0 0 0 0 0 520 116 192 85 70 53 35 10 6 23 3 21 11 22 23 -3717.404 0.07608353
5720 3 15 20 17 1 0 0 0 0 0 0 0 547 150 130 93 72 55 35 16 2 21 3 18 10 14 24 -3629.613 0.07606952
5730 3 15 20 17 1 0 0 0 0 0 0 0 590 129 141 89 56 47 33 11 2 19 3 16 10 20 24 -3483.717 0.07606289
5740 3 15 20 17 1 0 0 0 0 0 0 0 603 148 70 110 64 37 33 19 2 31 4 17 10 19 23 -3532.388 0.07606506
5750 3 15 20 17 1 0 0 0 0 0 0 0 631 116 98 135 29 36 30 8 1 22 3 19 10 28 24 -3319.264 0.07607161
5760 3 15 20 17 1 0 0 0 0 0 0 0 595 130 171 67 45 25 49 8 2 18 4 17 10 25 24 -3398.186 0.07611802
5770 3 15 20 17 1 0 0 0 0 0 0 0 577 107 203 116 41 26 26 3 1 16 3 17 10 22 22 -3252.366 0.07612979
5780 3 15 20 17 1 0 0 0 0 0 0 0 590 157 178 62 42 32 23 5 1 21 4 18 9 23 25 -3215.468 0.07613959
5790 3 15 20 17 1 0 0 0 0 0 0 0 584 180 172 74 38 15 21 5 1 20 4 23 9 20 24 -3208.985 0.07612081
5800 3 15 20 17 1 0 0 0 0 0 0 0 613 150 174 52 36 25 28 6 2 21 5 18 10 27 23 -3263.5 0.07614508
5810 3 15 20 17 1 0 0 0 0 0 0 0 633 176 149 61 29 19 20 3 1 20 4 19 9 26 21 -3286.149 0.0761225
5820 3 15 20 17 1 0 0 0 0 0 0 0 611 229 132 39 37 21 19 5 1 20 3 22 10 19 22 -3278.612 0.07611443
5830 3 15 20 17 1 0 0 0 0 0 0 0 581 190 151 64 51 23 26 5 2 20 5 18 9 20 25 -3356.454 0.07608525
5840 3 15 20 17 1 0 0 0 0 0 0 0 617 207 139 38 38 17 23 7 7 21 3 23 10 16 24 -3310.531 0.07606097
5850 3 15 20 17 1 0 0 0 0 0 0 0 679 137 118 48 44 35 26 3 1 18 3 24 10 21 23 -3357.619 0.0760746
5860 3 15 20 17 1 0 0 0 0 0 0 0 675 141 106 62 56 13 29 9 2 19 3 21 10 20 24 -3451.653 0.07612929
5870 3 15 20 17 1 0 0 0 0 0 0 0 678 204 84 32 39 19 25 6 1 18 4 17 9 30 24 -3370.285 0.07619048
5880 3 15 20 17 1 0 0 0 0 0 0 0 613 224 133 25 52 18 25 4 1 17 4 23 10 17 24 -3388.634 0.07625479
5890 3 15 20 17 1 0 0 0 0 0 0 0 554 245 141 36 65 12 19 11 1 20 3 23 10 27 23 -3493.921 0.07623518
5900 3 15 20 17 1 0 0 0 0 0 0 0 482 269 179 47 49 22 31 4 1 20 5 17 11 30 23 -3589.611 0.0762014
5910 3 15 20 17 1 0 0 0 0 0 0 0 388 378 163 49 54 27 23 6 1 20 4 24 9 21 23 -3594.043 0.07621038
5920 3 15 20 17 1 0 0 0 0 0 0 0 504 346 108 45 36 25 23 3 1 18 3 23 10 22 23 -3381.003 0.07621934
5930 3 15 20 17 1 0 0 0 0 0 0 0 513 293 120 32 31 45 43 10 4 19 4 16 10 26 24 -3346.957 0.07619898
5940 3 15 20 17 1 0 0 0 0 0 0 0 561 218 100 37 48 31 39 51 7 20 4 20 10 20 24 -3575.54 0.07617444
5950 3 15 20 17 1 0 0 0 0 0 0 0 503 267 118 66 61 19 21 23 13 19 3 22 11 22 22 -3663.436 0.076174
5960 3 15 20 17 1 0 0 0 0 0 0 0 378 373 124 55 98 26 32 10 3 18 3 16 11 18 25 -3739 0.07619283
5970 3 15 20 17 1 0 0 0 0 0 0 0 452 326 116 48 63 31 21 16 11 25 5 22 10 20 24 -3596.87 0.07618344
5980 3 15 20 17 1 0 0 0 0 0 0 0 365 384 130 61 88 28 29 5 2 21 3 19 11 20 24 -3628.43 0.0761694
5990 3 15 20 17 1 0 0 0 0 0 0 0 394 320 137 71 69 46 33 11 10 24 6 19 9 18 23 -3782.04 0.076154
6000 3 15 20 17 1 0 0 0 0 0 0 0 351 319 164 99 64 26 34 16 16 23 5 22 9 18 24 -3773.769 0.07611811
6010 3 15 20 17 1 0 0 0 0 0 0 0 353 318 170 68 69 35 57 9 13 22 5 19 10 19 23 -3803.792 0.07607629
6020 3 15 20 17 1 0 0 0 0 0 0 0 355 305 190 96 70 25 34 6 4 22 5 18 10 25 25 -3745.538 0.07607648
6030 3 15 20 17 1 0 0 0 0 0 0 0 398 344 128 110 52 16 29 6 4 20 4 19 10 26 24 -3641.584 0.07609664
6040 3 15 20 17 1 0 0 0 0 0 0 0 377 395 148 55 65 26 22 6 1 19 3 20 9 20 24 -3607.64 0.07610654
6050 3 15 20 17 1 0 0 0 0 0 0 0 302 347 243 94 48 26 20 10 2 19 4 23 10 21 21 -3714.192 0.0761289
6060 3 15 20 17 1 0 0 0 0 0 0 0 355 320 228 67 70 16 29 6 1 25 5 19 10 16 23 -3716.941 0.07613501
6070 3 15 20 17 1 0 0 0 0 0 0 0 460 329 142 66 51 16 33 6 1 16 4 16 9 19 22 -3579.52 0.07615956
6080 3 15 20 17 1 0 0 0 0 0 0 0 471 260 205 58 40 23 26 6 3 22 3 17 10 23 23 -3496.846 0.07623747
6090 3 15 20 17 1 0 0 0 0 0 0 0 484 208 181 73 73 39 27 7 1 20 4 22 10 16 25 -3667.012 0.07625165
6100 3 15 20 17 1 0 0 0 0 0 0 0 488 193 174 62 90 21 45 13 8 23 4 19 10 16 24 -3756.127 0.07630114
6110 3 15 20 17 1 0 0 0 0 0 0 0 509 166 211 75 71 23 26 4 7 20 3 18 10 23 24 -3594.797 0.07628171
6120 3 15 20 17 1 0 0 0 0 0 0 0 469 156 248 59 48 18 63 12 2 23 5 22 12 30 23 -3682.853 0.07627332
6130 3 15 20 17 1 0 0 0 0 0 0 0 482 171 222 72 27 37 61 12 5 22 4 18 9 25 23 -3651.93 0.07624714
6140 3 15 20 17 1 0 0 0 0 0 0 0 473 233 151 100 39 54 29 6 3 20 4 23 9 22 24 -3585.652 0.0762329
6150 3 15 20 17 1 0 0 0 0 0 0 0 500 184 172 94 41 48 40 4 2 21 3 23 11 24 23 -3447.191 0.07622691
6160 3 15 20 17 1 0 0 0 0 0 0 0 532 198 132 89 47 52 29 5 1 25 3 20 10 24 23 -3504.178 0.07618275
6170 3 15 20 17 1 0 0 0 0 0 0 0 433 248 104 112 64 79 31 7 9 23 4 22 10 21 23 -3755.309 0.0761419
6180 3 15 20 17 1 0 0 0 0 0 0 0 409 269 72 166 80 47 32 8 4 18 3 26 11 21 24 -3652.515 0.07614152
6190 3 15 20 17 1 0 0 0 0 0 0 0 470 304 72 134 50 31 18 5 1 21 3 24 10 23 24 -3551.249 0.07614884
6200 3 15 20 17 1 0 0 0 0 0 0 0 497 259 73 172 41 18 28 3 2 23 3 19 10 18 24 -3423.244 0.07611503
6210 3 15 20 17 1 0 0 0 0 0 0 0 482 245 78 168 68 23 25 5 1 21 3 20 10 18 23 -3450.403 0.07609034
6220 3 15 20 17 1 0 0 0 0 0 0 0 457 228 72 159 92 38 39 4 3 17 3 19 10 23 26 -3631.355 0.0760896
6230 3 15 20 17 1 0 0 0 0 0 0 0 449 261 93 144 81 27 27 7 1 21 4 18 9 24 24 -3604.174 0.07610999
6240 3 15 20 17 1 0 0 0 0 0 0 0 426 268 107 115 75 30 45 11 6 21 3 21 10 27 25 -3646.933 0.07612808
6250 3 15 20 17 1 0 0 0 0 0 0 0 401 293 145 87 63 68 33 4 1 20 3 17 10 21 24 -3622.434 0.07610891
6260 3 15 20 17 1 0 0 0 0 0 0 0 455 240 167 54 99 33 38 8 5 20 4 17 9 18 23 -3567.691 0.0760983
6270 3 15 20 17 1 0 0 0 0 0 0 0 476 209 114 83 76 43 50 19 12 29 6 20 9 19 25 -3727.074 0.07607879
6280 3 15 20 17 1 0 0 0 0 0 0 0 498 237 167 65 62 28 28 9 1 19 3 16 10 23 24 -3484.582 0.07604373
6290 3 15 20 17 1 0 0 0 0 0 0 0 494 234 112 105 77 37 32 8 4 19 5 18 10 12 23 -3614.553 0.07600166
6300 3 15 20 17 1 0 0 0 0 0 0 0 502 184 71 149 127 27 24 8 1 20 4 20 9 20 24 -3481.868 0.07599795
6310 3 15 20 17 1 0 0 0 0 0 0 0 501 140 101 94 172 35 37 10 5 21 3 17 10 20 24 -3671.843 0.07597029
6320 3 15 20 17 1 0 0 0 0 0 0 0 486 200 114 79 111 67 35 6 1 19 3 16 10 20 23 -3645.216 0.07595779
6330 3 15 20 17 1 0 0 0 0 0 0 0 482 230 135 93 97 29 37 3 1 16 3 18 10 12 24 -3582.278 0.0759409
6340 3 15 20 17 1 0 0 0 0 0 0 0 486 276 124 90 60 19 33 6 1 19 4 16 9 23 24 -3501.624 0.07591257
6350 3 15 20 17 1 0 0 0 0 0 0 0 459 257 192 70 58 29 27 6 1 20 3 14 10 20 24 -3527.821 0.07588257
6360 3 15 20 17 1 0 0 0 0 0 0 0 421 305 164 73 64 29 20 6 2 19 3 24 10 26 24 -3565.537 0.07589627
6370 3 15 20 17 1 0 0 0 0 0 0 0 467 281 125 52 74 46 31 7 12 18 4 16 9 25 23 -3594.042 0.07586199
6380 3 15 20 17 1 0 0 0 0 0 0 0 437 307 142 39 70 37 42 12 6 19 3 21 10 22 23 -3666.527 0.07586822
6390 3 15 20 17 1 0 0 0 0 0 0 0 431 324 71 117 50 48 22 18 2 21 4 22 10 27 23 -3643.344 0.07585075
6400 3 15 20 17 1 0 0 0 0 0 0 0 439 313 91 117 56 24 29 7 12 20 4 25 11 21 21 -3643.116 0.0758434
6410 3 15 20 17 1 0 0 0 0 0 0 0 385 266 136 121 72 40 22 26 20 24 6 26 9 14 23 -3586.441 0.07586055
6420 3 15 20 17 1 0 0 0 0 0 0 0 431 185 179 102 113 74 17 9 1 12 3 21 10 10 23 -3550.298 0.07587851
6430 3 15 20 17 1 0 0 0 0 0 0 0 471 173 131 142 82 75 32 3 2 8 3 22 8 14 24 -3655.186 0.07588161
6440 3 15 20 17 1 0 0 0 0 0 0 0 509 182 101 185 80 24 20 6 1 6 3 23 10 18 22 -3426.327 0.07587948
6450 3 15 20 17 1 0 0 0 0 0 0 0 530 180 141 108 84 17 23 7 1 8 3 22 10 34 22 -3451.714 0.07590559
6460 3 15 20 17 1 0 0 0 0 0 0 0 553 183 172 61 67 17 29 3 2 7 3 22 11 38 22 -3520.556 0.07592034
6470 3 15 20 17 1 0 0 0 0 0 0 0 517 191 123 129 61 17 33 12 1 9 5 17 11 36 28 -3588.38 0.07593331
6480 3 15 20 17 1 0 0 0 0 0 0 0 493 274 108 99 53 18 23 12 10 8 4 24 9 31 24 -3486.199 0.07592247
6490 3 15 20 17 1 0 0 0 0 0 0 0 514 319 104 57 49 15 22 5 3 8 4 23 10 33 24 -3243.888 0.07595137
6500 3 15 20 17 1 0 0 0 0 0 0 0 536 340 82 37 45 24 19 7 1 11 4 24 9 28 23 -3316.037 0.07599785
6510 3 15 20 17 1 0 0 0 0 0 0 0 521 310 122 40 53 21 19 4 9 17 6 22 10 14 22 -3380.924 0.07602267
6520 3 15 20 17 1 0 0 0 0 0 0 0 556 292 107 37 38 20 17 5 11 24 3 23 10 23 24 -3352.827 0.07601605
6530 3 15 20 17 1 0 0 0 0 0 0 0 514 271 171 41 37 18 28 5 3 17 3 17 10 33 22 -3469.546 0.07605063
6540 3 15 20 17 1 0 0 0 0 0 0 0 480 268 137 60 84 29 27 5 1 19 3 18 9 27 23 -3492.598 0.07607783
6550 3 15 20 17 1 0 0 0 0 0 0 0 430 319 123 79 70 37 26 6 2 22 3 17 11 20 25 -3677.002 0.07609383
6560 3 15 20 17 1 0 0 0 0 0 0 0 442 290 115 113 52 29 36 4 3 23 3 22 11 23 24 -3650.647 0.07610422
6570 3 15 20 17 1 0 0 0 0 0 0 0 379 342 133 127 41 27 30 7 4 18 3 20 10 25 24 -3516.738 0.07611288
6580 3 15 20 17 1 0 0 0 0 0 0 0 339 347 134 150 52 32 29 7 2 19 3 18 9 26 23 -3598.111 0.07613854
6590 3 15 20 17 1 0 0 0 0 0 0 0 405 284 212 101 37 26 27 3 2 21 4 16 10 19 23 -3477.995 0.07616965
6600 3 15 20 17 1 0 0 0 0 0 0 0 400 337 186 66 58 17 27 5 2 18 3 20 10 17 24 -3459.393 0.07616586
6610 3 15 20 17 1 0 0 0 0 0 0 0 468 319 170 56 38 15 29 3 1 18 3 15 10 21 24 -3449.066 0.07614344
6620 3 15 20 17 1 0 0 0 0 0 0 0 535 268 145 61 29 21 22 4 1 25 3 20 10 23 23 -3403.11 0.07611516
6630 3 15 20 17 1 0 0 0 0 0 0 0 548 250 112 37 45 41 43 11 2 21 6 20 10 20 24 -3576.478 0.07610429
6640 3 15 20 17 1 0 0 0 0 0 0 0 538 236 117 64 64 30 34 6 2 22 3 20 9 22 23 -3742.951 0.07610273
6650 3 15 20 17 1 0 0 0 0 0 0 0 630 171 124 51 35 31 25 8 5 22 5 20 10 28 25 -3612.991 0.07608938
6660 3 15 20 17 1 0 0 0 0 0 0 0 563 208 69 53 58 87 33 9 4 27 3 23 10 20 23 -3690.421 0.07607229
6670 3 15 20 17 1 0 0 0 0 0 0 0 526 244 74 61 58 97 20 7 4 18 6 21 12 19 23 -3605.29 0.07607247
6680 3 15 20 17 1 0 0 0 0 0 0 0 523 238 93 47 99 56 22 7 1 20 4 24 10 22 24 -3531.047 0.07613848
6690 3 15 20 17 1 0 0 0 0 0 0 0 458 270 166 93 62 16 17 3 2 20 3 25 10 23 22 -3425.582 0.076144
6700 3 15 20 17 1 0 0 0 0 0 0 0 408 355 112 83 91 12 19 4 2 21 3 22 11 25 22 -3438.072 0.07614407
6710 3 15 20 17 1 0 0 0 0 0 0 0 436 345 121 60 83 10 25 5 1 20 3 25 11 21 24 -3558.361 0.07618714
6720 3 15 20 17 1 0 0 0 0 0 0 0 454 240 168 43 116 26 30 5 6 23 7 17 9 22 24 -3553.585 0.0761959
6730 3 15 20 17 1 0 0 0 0 0 0 0 506 208 211 51 47 26 33 5 3 17 3 18 10 28 24 -3490.953 0.07621129
6740 3 15 20 17 1 0 0 0 0 0 0 0 514 251 173 63 39 18 23 10 2 20 4 21 10 20 22 -3566.173 0.07621126
6750 3 15 20 17 1 0 0 0 0 0 0 0 572 205 154 68 41 19 19 6 2 23 3 21 10 25 22 -3408.195 0.07623488
6760 3 15 20 17 1 0 0 0 0 0 0 0 522 234 148 69 52 32 24 7 1 19 4 19 9 27 23 -3575.03 0.07625636
6770 3 15 20 17 1 0 0 0 0 0 0 0 537 260 94 88 50 31 26 6 2 22 3 17 10 20 24 -3459.846 0.07627157
6780 3 15 20 17 1 0 0 0 0 0 0 0 507 242 159 77 61 17 33 6 2 18 3 17 9 14 25 -3553.556 0.0762793
6790 3 15 20 17 1 0 0 0 0 0 0 0 495 254 164 66 58 18 32 6 2 19 3 17 10 23 23 -3635.884 0.07630021
6800 3 15 20 17 1 0 0 0 0 0 0 0 602 152 152 45 76 39 30 5 1 23 4 16 9 13 23 -3599.495 0.07638161
6810 3 15 20 17 1 0 0 0 0 0 0 0 633 92 195 41 59 31 32 6 2 24 3 19 10 19 24 -3507.525 0.07647881
6820 3 15 20 17 1 0 0 0 0 0 0 0 612 139 175 48 48 32 28 7 2 21 3 18 9 23 25 -3591.724 0.07650837
6830 3 15 20 17 1 0 0 0 0 0 0 0 628 94 164 44 84 37 41 6 1 18 4 20 9 16 24 -3572.381 0.07655835
6840 3 15 20 17 1 0 0 0 0 0 0 0 616 107 125 85 98 20 21 12 3 21 3 24 10 22 23 -3516.853 0.07655413
6850 3 15 20 17 1 0 0 0 0 0 0 0 579 127 129 106 82 24 26 10 5 19 5 23 9 23 23 -3586.035 0.0765581
6860 3 15 20 17 1 0 0 0 0 0 0 0 550 156 79 143 84 23 35 7 5 24 4 21 11 25 23 -3628.23 0.07660452
6870 3 15 20 17 1 0 0 0 0 0 0 0 480 193 111 140 66 39 37 16 6 20 4 19 9 26 24 -3796.487 0.0766398
6880 3 15 20 17 1 0 0 0 0 0 0 0 481 196 161 88 83 39 25 9 7 21 4 22 9 21 24 -3780.472 0.07663833
6890 3 15 20 17 1 0 0 0 0 0 0 0 464 263 193 57 49 34 22 3 2 21 3 24 10 21 24 -3615.938 0.07661207
6900 3 15 20 17 1 0 0 0 0 0 0 0 493 259 194 41 60 16 22 5 3 20 4 18 10 22 23 -3594.595 0.07662282
6910 3 15 20 17 1 0 0 0 0 0 0 0 514 195 199 71 52 19 25 5 1 22 3 19 10 31 24 -3607.303 0.07662341
6920 3 15 20 17 1 0 0 0 0 0 0 0 464 312 159 33 65 23 26 9 2 20 4 18 9 23 23 -3524.008 0.07658271
6930 3 15 20 17 1 0 0 0 0 0 0 0 521 265 122 60 65 15 30 9 1 22 4 18 9 26 23 -3559.404 0.07655102
6940 3 15 20 17 1 0 0 0 0 0 0 0 536 246 92 82 66 20 34 8 8 18 6 20 8 23 23 -3623.803 0.07656181
6950 3 15 20 17 1 0 0 0 0 0 0 0 554 263 59 76 49 20 52 14 1 23 4 18 9 25 23 -3601.181 0.07656571
6960 3 15 20 17 1 0 0 0 0 0 0 0 639 187 88 29 74 28 33 12 1 21 3 16 16 20 23 -3397.912 0.07655189
6970 3 15 20 17 1 0 0 0 0 0 0 0 656 213 43 40 62 20 40 11 9 17 4 19 9 24 23 -3400.743 0.0765361
6980 3 15 20 17 1 0 0 0 0 0 0 0 618 198 93 56 51 37 30 9 3 18 3 18 10 23 23 -3502.019 0.07655326
6990 3 15 20 17 1 0 0 0 0 0 0 0 562 180 92 74 85 39 39 11 2 19 3 16 10 34 24 -3606.005 0.07659682
7000 3 15 20 17 1 0 0 0 0 0 0 0 642 151 63 72 87 33 36 5 7 18 5 16 11 21 23 -3506.228 0.07660144
7010 3 15 20 17 1 0 0 0 0 0 0 0 626 118 115 64 91 41 35 6 1 21 5 19 9 16 23 -3515.432 0.07661244
7020 3 15 20 17 1 0 0 0 0 0 0 0 486 220 137 101 81 35 37 6 5 13 3 18 10 14 24 -3636.049 0.07659229
7030 3 15 20 17 1 0 0 0 0 0 0 0 493 277 67 107 86 29 24 7 1 20 3 22 10 21 23 -3537.874 0.07660208
7040 3 15 20 17 1 0 0 0 0 0 0 0 462 341 55 123 64 15 22 5 2 21 4 22 9 23 22 -3427.206 0.07660706
7050 3 15 20 17 1 0 0 0 0 0 0 0 574 325 47 73 25 14 17 4 2 21 3 24 10 29 22 -3334.591 0.07662991
7060 3 15 20 17 1 0 0 0 0 0 0 0 537 341 62 30 77 19 21 4 6 19 4 22 9 18 21 -3418.036 0.07661937
7070 3 15 20 17 1 0 0 0 0 0 0 0 510 256 130 53 80 32 23 4 1 24 4 22 9 20 22 -3558.863 0.07661401
7080 3 15 20 17 1 0 0 0 0 0 0 0 523 234 125 57 86 39 21 5 1 21 3 20 10 23 22 -3551.6 0.07663597
7090 3 15 20 17 1 0 0 0 0 0 0 0 557 196 118 102 69 26 24 4 1 21 3 21 11 14 23 -3628.313 0.07664008
7100 3 15 20 17 1 0 0 0 0 0 0 0 602 179 118 61 96 16 19 3 2 20 3 23 10 13 25 -3444.481 0.07665601
7110 3 15 20 17 1 0 0 0 0 0 0 0 584 211 160 52 49 17 17 5 1 22 4 21 9 16 22 -3469.189 0.07663645
7120 3 15 20 17 1 0 0 0 0 0 0 0 619 219 142 25 57 23 18 3 1 15 3 20 10 12 23 -3364.303 0.07663071
7130 3 15 20 17 1 0 0 0 0 0 0 0 595 214 137 47 55 25 27 4 1 17 3 19 10 13 23 -3431.701 0.07663441
7140 3 15 20 17 1 0 0 0 0 0 0 0 505 271 149 62 65 19 24 4 2 16 4 17 10 18 24 -3534.285 0.07664203
7150 3 15 20 17 1 0 0 0 0 0 0 0 530 257 134 67 55 19 25 7 1 20 5 19 10 17 24 -3603.633 0.07664727
7160 3 15 20 17 1 0 0 0 0 0 0 0 476 290 111 84 55 38 30 8 2 17 4 18 10 23 24 -3638.181 0.07663764
7170 3 15 20 17 1 0 0 0 0 0 0 0 446 403 83 55 61 17 26 6 1 15 3 22 10 17 25 -3499.466 0.0766085
7180 3 15 20 17 1 0 0 0 0 0 0 0 464 291 154 73 60 19 30 9 2 18 3 19 9 16 23 -3582.806 0.0765689
7190 3 15 20 17 1 0 0 0 0 0 0 0 490 280 75 123 83 19 16 9 2 17 5 24 8 15 24 -3541.122 0.07653954
7200 3 15 20 17 1 0 0 0 0 0 0 0 510 249 92 138 51 21 19 8 1 18 4 25 10 21 23 -3569.007 0.07650638
7210 3 15 20 17 1 0 0 0 0 0 0 0 615 209 78 81 43 16 35 8 2 17 5 19 9 28 25 -3563.268 0.07651216
7220 3 15 20 17 1 0 0 0 0 0 0 0 653 233 74 35 41 20 24 4 2 18 3 19 12 26 26 -3395.54 0.07648727
7230 3 15 20 17 1 0 0 0 0 0 0 0 588 277 77 40 43 33 30 3 2 15 3 17 10 29 23 -3491.703 0.07648182
7240 3 15 20 17 1 0 0 0 0 0 0 0 631 192 145 38 46 15 20 3 1 21 3 23 10 19 23 -3514.133 0.07647446
7250 3 15 20 17 1 0 0 0 0 0 0 0 555 144 230 78 41 13 33 3 1 17 3 16 11 22 23 -3589.9 0.07647484
7260 3 15 20 17 1 0 0 0 0 0 0 0 542 170 201 69 62 18 26 6 1 20 3 18 10 19 25 -3585.442 0.07648332
7270 3 15 20 17 1 0 0 0 0 0 0 0 609 151 151 61 55 28 26 10 2 21 4 18 10 22 22 -3577.831 0.07650295
7280 3 15 20 17 1 0 0 0 0 0 0 0 585 270 64 81 40 19 25 5 1 22 3 17 10 24 24 -3471.446 0.07650291
7290 3 15 20 17 1 0 0 0 0 0 0 0 595 262 70 50 46 37 25 5 1 21 3 19 10 22 24 -3509.649 0.0766362
7300 3 15 20 17 1 0 0 0 0 0 0 0 600 264 80 49 38 15 24 5 5 24 5 22 10 24 25 -3338.587 0.07672653
7310 3 15 20 17 1 0 0 0 0 0 0 0 574 282 69 40 49 34 30 7 1 21 3 19 10 27 24 -3542.401 0.07677139
7320 3 15 20 17 1 0 0 0 0 0 0 0 517 289 66 62 75 46 27 5 3 22 3 19 10 22 24 -3545.4 0.07685899
7330 3 15 20 17 1 0 0 0 0 0 0 0 516 278 75 72 66 36 42 5 2 20 4 19 9 24 22 -3571.63 0.07692152
7340 3 15 20 17 1 0 0 0 0 0 0 0 547 212 175 47 62 18 26 3 1 22 3 16 10 25 23 -3446.063 0.07691938
7350 3 15 20 17 1 0 0 0 0 0 0 0 543 273 144 29 55 17 22 6 1 16 3 19 10 28 24 -3460.282 0.07690352
7360 3 15 20 17 1 0 0 0 0 0 0 0 588 217 151 24 37 26 35 5 5 23 4 20 10 22 23 -3498.593 0.07689228
7370 3 15 20 17 1 0 0 0 0 0 0 0 517 236 210 39 38 18 31 5 1 18 3 17 10 24 23 -3551.851 0.07689361
7380 3 15 20 17 1 0 0 0 0 0 0 0 500 201 251 40 40 23 23 5 1 23 3 19 10 25 26 -3606.733 0.07689835
7390 3 15 20 17 1 0 0 0 0 0 0 0 575 263 142 36 32 17 17 4 1 21 3 24 10 21 24 -3363.346 0.07686896
7400 3 15 20 17 1 0 0 0 0 0 0 0 592 253 107 50 60 13 17 3 1 18 4 22 9 17 24 -3452.286 0.0768741
7410 3 15 20 17 1 0 0 0 0 0 0 0 521 307 132 46 47 14 18 7 2 19 3 21 10 19 24 -3460.551 0.07688528
7420 3 15 20 17 1 0 0 0 0 0 0 0 503 319 135 46 28 23 18 7 1 18 4 22 9 32 25 -3485.896 0.07691303
7430 3 15 20 17 1 0 0 0 0 0 0 0 462 365 102 56 62 20 20 3 1 19 3 23 10 22 22 -3476.311 0.07693769
7440 3 15 20 17 1 0 0 0 0 0 0 0 486 381 111 33 37 19 17 4 1 17 3 24 10 23 24 -3336.451 0.0769333
7450 3 15 20 17 1 0 0 0 0 0 0 0 412 434 111 44 42 19 27 4 1 20 4 19 9 20 24 -3382.136 0.07693832
7460 3 15 20 17 1 0 0 0 0 0 0 0 384 410 144 53 45 17 28 4 3 20 3 15 13 27 24 -3464.281 0.07693281
7470 3 15 20 17 1 0 0 0 0 0 0 0 356 474 128 53 38 14 23 5 1 20 3 21 10 22 22 -3377.112 0.07693932
7480 3 15 20 17 1 0 0 0 0 0 0 0 376 418 124 64 68 15 22 12 2 17 3 22 10 16 21 -3539.137 0.07693981
7490 3 15 20 17 1 0 0 0 0 0 0 0 417 381 141 76 40 17 16 4 2 20 3 22 10 18 23 -3477.534 0.07695302
7500 3 15 20 17 1 0 0 0 0 0 0 0 386 444 109 73 35 15 19 6 1 20 5 21 10 22 24 -3372.051 0.07693669
7510 3 15 20 17 1 0 0 0 0 0 0 0 375 454 69 76 69 25 16 6 2 21 3 23 9 18 24 -3600.187 0.07692265
7520 3 15 20 17 1 0 0 0 0 0 0 0 439 376 44 67 95 32 32 4 7 20 3 22 10 18 21 -3688.87 0.07688703
7530 3 15 20 17 1 0 0 0 0 0 0 0 569 225 81 90 79 21 21 7 4 19 3 20 11 19 21 -3603.282 0.07688276
7540 3 15 20 17 1 0 0 0 0 0 0 0 484 274 101 117 62 21 19 6 2 24 4 25 10 19 22 -3678.896 0.07688035
7550 3 15 20 17 1 0 0 0 0 0 0 0 586 177 131 88 51 21 23 6 3 21 3 23 11 23 23 -3662.864 0.07691728
7560 3 15 20 17 1 0 0 0 0 0 0 0 646 147 126 50 50 35 25 11 1 20 3 19 10 24 23 -3532.442 0.07690854
7570 3 15 20 17 1 0 0 0 0 0 0 0 627 195 90 73 53 22 24 4 4 22 4 19 10 19 24 -3425.992 0.0768902
7580 3 15 20 17 1 0 0 0 0 0 0 0 721 190 58 45 39 14 27 3 1 18 4 17 9 20 24 -3189.868 0.07688965
7590 3 15 20 17 1 0 0 0 0 0 0 0 633 195 110 48 62 15 24 3 1 24 4 18 9 19 25 -3332.379 0.07690423
7600 3 15 20 17 1 0 0 0 0 0 0 0 662 189 110 46 41 14 22 5 2 19 3 19 10 24 24 -3329.753 0.07689628
7610 3 15 20 17 1 0 0 0 0 0 0 0 742 115 100 47 44 18 26 4 1 17 4 18 9 21 24 -3215.075 0.0768902
7620 3 15 20 17 1 0 0 0 0 0 0 0 663 175 73 66 67 22 27 4 1 22 4 16 9 17 24 -3411.3 0.07688635
7630 3 15 20 17 1 0 0 0 0 0 0 0 672 178 63 77 41 20 28 5 2 21 4 17 9 28 25 -3450.525 0.07690232
7640 3 15 20 17 1 0 0 0 0 0 0 0 677 187 102 43 45 14 28 6 1 17 4 16 9 18 23 -3329.764 0.07690029
7650 3 15 20 17 1 0 0 0 0 0 0 0 648 250 64 40 27 18 29 8 1 18 3 17 10 35 22 -3322.979 0.07690083
7660 3 15 20 17 1 0 0 0 0 0 0 0 614 229 128 34 39 21 19 4 3 19 3 20 9 24 24 -3429.384 0.07692586
7670 3 15 20 17 1 0 0 0 0 0 0 0 586 182 154 83 41 20 20 6 2 19 3 22 10 19 23 -3434.585 0.07691869
7680 3 15 20 17 1 0 0 0 0 0 0 0 639 143 123 43 70 31 22 11 9 20 5 24 9 18 23 -3564.18 0.07692759
7690 3 15 20 17 1 0 0 0 0 0 0 0 688 105 109 60 61 29 23 9 1 18 3 22 10 27 25 -3477.541 0.0769168
7700 3 15 20 17 1 0 0 0 0 0 0 0 719 141 74 63 44 20 20 7 5 18 4 23 9 21 22 -3381.72 0.07691004
7710 3 15 20 17 1 0 0 0 0 0 0 0 697 159 69 62 46 16 26 9 1 22 4 22 9 24 24 -3346.5 0.0769171
7720 3 15 20 17 1 0 0 0 0 0 0 0 660 198 72 43 38 30 40 6 2 21 3 15 10 29 23 -3361.245 0.07692559
7730 3 15 20 17 1 0 0 0 0 0 0 0 652 202 86 44 37 29 30 5 2 22 4 20 11 23 23 -3386.271 0.07690869
7740 3 15 20 17 1 0 0 0 0 0 0 0 637 238 73 40 38 21 32 8 2 21 3 15 10 28 24 -3407.168 0.07692116
7750 3 15 20 17 1 0 0 0 0 0 0 0 649 219 79 42 58 14 26 3 1 18 3 21 10 24 23 -3371.438 0.07691768
7760 3 15 20 17 1 0 0 0 0 0 0 0 561 323 85 42 42 17 23 5 1 20 3 15 11 19 23 -3357.673 0.07689689
7770 3 15 20 17 1 0 0 0 0 0 0 0 612 230 89 63 48 22 34 4 3 18 4 18 9 14 22 -3413.908 0.07685813
7780 3 15 20 17 1 0 0 0 0 0 0 0 612 231 75 73 38 27 28 5 1 20 4 20 9 24 23 -3423.676 0.07685007
7790 3 15 20 17 1 0 0 0 0 0 0 0 592 180 68 120 64 38 22 8 2 17 5 21 9 19 25 -3496.685 0.07685534
7800 3 15 20 17 1 0 0 0 0 0 0 0 631 214 39 118 41 17 21 6 1 17 3 23 10 25 24 -3405.704 0.07683294
7810 3 15 20 17 1 0 0 0 0 0 0 0 546 240 85 103 42 33 25 9 1 27 4 22 10 21 22 -3625.414 0.0768149
7820 3 15 20 17 1 0 0 0 0 0 0 0 497 269 101 56 55 54 32 16 1 19 3 23 10 30 24 -3751.813 0.07680837
7830 3 15 20 17 1 0 0 0 0 0 0 0 480 286 95 69 51 58 33 11 4 25 3 21 10 22 22 -3594.653 0.07679148
7840 3 15 20 17 1 0 0 0 0 0 0 0 481 283 111 62 42 77 32 5 1 15 3 17 10 29 22 -3515.588 0.07680787
7850 3 15 20 17 1 0 0 0 0 0 0 0 459 292 97 81 59 63 28 5 1 25 3 19 10 23 25 -3553.488 0.07682421
7860 3 15 20 17 1 0 0 0 0 0 0 0 398 265 144 132 84 24 31 6 2 16 3 19 10 32 24 -3618.897 0.0768373
7870 3 15 20 17 1 0 0 0 0 0 0 0 479 279 134 106 46 20 26 4 1 12 3 17 9 31 23 -3533.502 0.076871
7880 3 15 20 17 1 0 0 0 0 0 0 0 461 296 161 58 65 17 21 3 3 22 3 20 10 27 23 -3456.807 0.07688685
7890 3 15 20 17 1 0 0 0 0 0 0 0 407 240 252 66 80 16 27 3 2 22 3 18 10 21 23 -3500.747 0.07687851
7900 3 15 20 17 1 0 0 0 0 0 0 0 429 255 238 41 77 25 26 11 4 18 3 17 10 13 23 -3476.092 0.07688898
7910 3 15 20 17 1 0 0 0 0 0 0 0 429 337 188 32 48 19 28 8 4 17 3 18 11 24 24 -3577.477 0.07690439
7920 3 15 20 17 1 0 0 0 0 0 0 0 438 284 199 41 58 23 33 17 3 22 3 19 11 16 23 -3589.854 0.07690985
7930 3 15 20 17 1 0 0 0 0 0 0 0 432 283 169 65 42 29 34 26 4 19 4 19 10 30 24 -3576.739 0.07689023
7940 3 15 20 17 1 0 0 0 0 0 0 0 548 264 103 51 40 43 35 5 1 22 4 19 9 22 24 -3372.09 0.07687735
7950 3 15 20 17 1 0 0 0 0 0 0 0 631 213 113 31 37 29 34 4 1 18 4 18 10 24 23 -3265.038 0.07687613
7960 3 15 20 17 1 0 0 0 0 0 0 0 617 178 136 47 34 29 46 5 1 21 3 16 9 25 23 -3336.801 0.07687633
7970 3 15 20 17 1 0 0 0 0 0 0 0 610 147 167 49 55 22 30 4 2 21 3 20 10 26 24 -3424.396 0.07687476
7980 3 15 20 17 1 0 0 0 0 0 0 0 570 177 192 39 41 34 30 6 5 22 4 15 9 23 23 -3481.156 0.07687847
7990 3 15 20 17 1 0 0 0 0 0 0 0 530 165 238 55 33 24 33 5 3 21 6 18 9 27 23 -3473.995 0.07686499
8000 3 15 20 17 1 0 0 0 0 0 0 0 536 245 168 30 48 32 29 6 3 18 3 17 10 21 24 -3479.28 0.07686029
8010 3 15 20 17 1 0 0 0 0 0 0 0 658 89 181 37 37 25 63 5 2 20 3 17 10 19 24 -3307.876 0.07685666
8020 3 15 20 17 1 0 0 0 0 0 0 0 649 76 124 95 53 19 42 20 9 21 3 22 10 23 24 -3390.915 0.07687609
8030 3 15 20 17 1 0 0 0 0 0 0 0 565 105 205 66 46 29 42 25 2 19 4 23 10 25 24 -3642.833 0.07690488
8040 3 15 20 17 1 0 0 0 0 0 0 0 555 147 186 63 47 25 35 19 3 28 9 18 10 21 24 -3672.305 0.07689877
8050 3 15 20 17 1 0 0 0 0 0 0 0 561 181 142 34 90 18 24 27 2 29 5 18 10 25 24 -3486.029 0.07686866
8060 3 15 20 17 1 0 0 0 0 0 0 0 526 234 114 74 64 27 37 8 4 25 5 16 11 20 25 -3652.599 0.07687129
8070 3 15 20 17 1 0 0 0 0 0 0 0 520 239 77 120 60 39 24 7 2 25 3 21 10 20 23 -3582.649 0.0768649
8080 3 15 20 17 1 0 0 0 0 0 0 0 520 189 120 122 65 33 30 7 4 16 3 19 10 28 24 -3755.961 0.07689284
8090 3 15 20 17 1 0 0 0 0 0 0 0 592 129 190 84 41 19 26 7 1 21 3 18 11 25 23 -3558.635 0.07693144
8100 3 15 20 17 1 0 0 0 0 0 0 0 637 109 168 65 45 27 33 6 3 21 3 16 10 24 23 -3501.301 0.07693917
8110 3 15 20 17 1 0 0 0 0 0 0 0 633 84 132 115 67 25 32 7 1 20 4 18 9 19 24 -3551.866 0.07694757
8120 3 15 20 17 1 0 0 0 0 0 0 0 657 130 134 69 50 20 20 6 5 20 4 22 10 20 23 -3479.847 0.07691835
8130 3 15 20 17 1 0 0 0 0 0 0 0 707 171 68 52 43 21 25 6 1 22 3 18 10 18 25 -3285.855 0.07690437
8140 3 15 20 17 1 0 0 0 0 0 0 0 627 178 96 82 34 39 26 7 2 23 3 17 10 22 24 -3423.79 0.07690968
8150 3 15 20 17 1 0 0 0 0 0 0 0 526 158 149 114 47 40 44 7 1 23 4 16 11 26 24 -3703.072 0.07690639
8160 3 15 20 17 1 0 0 0 0 0 0 0 545 99 226 124 38 21 26 11 2 20 4 18 10 22 24 -3504.343 0.0769117
8170 3 15 20 17 1 0 0 0 0 0 0 0 602 114 132 127 58 16 26 12 4 20 3 21 10 22 23 -3426.521 0.07689573
8180 3 15 20 17 1 0 0 0 0 0 0 0 609 155 158 78 39 23 21 6 1 21 4 20 9 22 24 -3428.627 0.07689384
8190 3 15 20 17 1 0 0 0 0 0 0 0 640 113 129 93 61 22 21 7 2 20 6 22 9 22 23 -3430.154 0.07690119
8200 3 15 20 17 1 0 0 0 0 0 0 0 629 109 142 93 56 30 19 6 1 20 4 24 10 23 24 -3474.845 0.07692253
8210 3 15 20 17 1 0 0 0 0 0 0 0 594 227 82 79 62 25 19 5 1 20 3 21 10 20 22 -3475.322 0.07693596
8220 3 15 20 17 1 0 0 0 0 0 0 0 600 261 35 65 67 23 39 11 2 22 3 16 10 14 22 -3510.829 0.07691529
8230 3 15 20 17 1 0 0 0 0 0 0 0 658 167 70 74 74 18 28 4 3 15 4 20 10 23 22 -3403.68 0.07688922
8240 3 15 20 17 1 0 0 0 0 0 0 0 669 170 88 37 63 17 40 10 3 20 4 16 9 21 23 -3474.752 0.0768843
8250 3 15 20 17 1 0 0 0 0 0 0 0 662 171 117 33 46 15 21 10 10 24 3 24 10 21 23 -3417.916 0.07689975
8260 3 15 20 17 1 0 0 0 0 0 0 0 625 252 101 22 38 23 26 5 1 17 4 18 9 25 24 -3349.804 0.07691416
8270 3 15 20 17 1 0 0 0 0 0 0 0 680 183 88 40 50 13 27 4 1 24 4 21 10 22 23 -3332.075 0.07693936
8280 3 15 20 17 1 0 0 0 0 0 0 0 686 145 119 53 36 21 21 4 2 21 3 21 10 25 23 -3422.454 0.07692459
8290 3 15 20 17 1 0 0 0 0 0 0 0 646 118 149 77 46 21 25 3 1 22 3 17 10 26 26 -3505.489 0.07691998
8300 3 15 20 17 1 0 0 0 0 0 0 0 682 96 124 60 63 20 27 9 4 25 4 23 10 21 22 -3501.943 0.07690763
8310 3 15 20 17 1 0 0 0 0 0 0 0 595 246 113 46 34 19 24 6 2 23 3 22 10 23 24 -3496.062 0.07691048
8320 3 15 20 17 1 0 0 0 0 0 0 0 650 262 70 37 31 17 19 4 2 19 4 23 10 20 22 -3293.078 0.07690591
8330 3 15 20 17 1 0 0 0 0 0 0 0 688 204 61 43 48 20 21 5 5 19 3 20 10 19 24 -3322.312 0.07689563
8340 3 15 20 17 1 0 0 0 0 0 0 0 647 220 95 30 49 28 18 10 1 21 4 21 10 15 21 -3315.622 0.07689848
8350 3 15 20 17 1 0 0 0 0 0 0 0 694 192 76 36 52 13 22 7 2 18 3 23 10 18 24 -3363.934 0.07689059
8360 3 15 20 17 1 0 0 0 0 0 0 0 610 276 57 51 43 29 19 4 1 19 3 24 10 22 22 -3376.618 0.07688674
8370 3 15 20 17 1 0 0 0 0 0 0 0 575 303 91 39 37 23 20 6 1 19 4 19 9 21 23 -3310.746 0.07692205
8380 3 15 20 17 1 0 0 0 0 0 0 0 576 283 119 28 42 21 16 7 1 19 4 24 10 17 23 -3365.471 0.07697666
8390 3 15 20 17 1 0 0 0 0 0 0 0 637 274 54 34 54 16 20 4 1 17 4 19 9 22 25 -3321.158 0.07698507
8400 3 15 20 17 1 0 0 0 0 0 0 0 633 245 50 60 52 23 19 9 5 21 4 22 9 15 23 -3346.147 0.07697012
8410 3 15 20 17 1 0 0 0 0 0 0 0 649 214 87 49 42 18 24 5 2 23 4 19 9 21 24 -3348.67 0.0769632
8420 3 15 20 17 1 0 0 0 0 0 0 0 616 241 79 68 41 25 21 5 1 22 3 23 10 14 21 -3368.143 0.07696261
8430 3 15 20 17 1 0 0 0 0 0 0 0 703 186 56 69 42 14 17 4 1 19 3 24 11 18 23 -3253.873 0.07696868
8440 3 15 20 17 1 0 0 0 0 0 0 0 758 171 44 33 31 19 17 5 1 21 3 22 9 32 24 -3186.555 0.07696444
8450 3 15 20 17 1 0 0 0 0 0 0 0 710 158 80 30 64 21 27 9 2 22 3 15 10 16 23 -3336.921 0.07697479
8460 3 15 20 17 1 0 0 0 0 0 0 0 709 193 66 19 69 12 26 4 1 17 3 17 10 20 24 -3249.769 0.0769689
8470 3 15 20 17 1 0 0 0 0 0 0 0 651 239 49 44 61 14 30 6 1 23 3 16 10 20 23 -3379.485 0.07697558
8480 3 15 20 17 1 0 0 0 0 0 0 0 616 256 67 58 39 17 28 9 3 20 3 20 10 21 23 -3410.718 0.0770024
8490 3 15 20 17 1 0 0 0 0 0 0 0 520 328 80 48 50 31 27 6 1 22 3 18 10 23 23 -3507.013 0.07699716
8500 3 15 20 17 1 0 0 0 0 0 0 0 597 263 76 51 51 24 28 4 1 19 3 20 13 17 23 -3390.071 0.07697578
8510 3 15 20 17 1 0 0 0 0 0 0 0 593 207 120 70 63 19 27 4 2 20 3 13 10 16 23 -3452.222 0.07694655
8520 3 15 20 17 1 0 0 0 0 0 0 0 602 197 91 76 65 33 30 4 1 19 3 15 10 21 23 -3470.425 0.07691574
8530 3 15 20 17 1 0 0 0 0 0 0 0 544 240 141 80 33 21 26 4 1 18 3 18 10 27 24 -3369.137 0.07689782
8540 3 15 20 17 1 0 0 0 0 0 0 0 606 251 96 34 63 19 28 4 2 20 3 14 11 16 23 -3279.827 0.07687501
8550 3 15 20 17 1 0 0 0 0 0 0 0 678 254 49 23 31 11 28 8 1 19 4 21 11 28 24 -3128.223 0.0768385
8560 3 15 20 17 1 0 0 0 0 0 0 0 701 247 30 30 42 19 24 3 1 19 3 17 10 20 24 -3063.65 0.07680829
8570 3 15 20 17 1 0 0 0 0 0 0 0 631 253 101 25 41 18 17 5 1 18 3 23 10 20 24 -3184.056 0.07677521
8580 3 15 20 17 1 0 0 0 0 0 0 0 585 248 142 32 49 15 21 6 1 16 4 21 10 17 23 -3271.178 0.07675331
8590 3 15 20 17 1 0 0 0 0 0 0 0 546 242 136 74 61 19 20 4 1 18 5 21 11 11 21 -3476.876 0.0767432
8600 3 15 20 17 1 0 0 0 0 0 0 0 566 210 173 51 53 18 19 5 3 22 3 19 10 17 21 -3539.894 0.07673148
8610 3 15 20 17 1 0 0 0 0 0 0 0 580 177 182 59 52 17 20 3 2 19 3 25 10 18 23 -3510.856 0.07672044
8620 3 15 20 17 1 0 0 0 0 0 0 0 644 128 152 81 36 19 25 4 1 24 3 18 10 22 23 -3442.769 0.07673088
8630 3 15 20 17 1 0 0 0 0 0 0 0 597 123 134 133 42 23 25 8 6 21 3 20 10 21 24 -3485.052 0.07674908
8640 3 15 20 17 1 0 0 0 0 0 0 0 592 133 126 116 38 31 42 4 8 24 3 19 10 21 23 -3566.138 0.07675265
8650 3 15 20 17 1 0 0 0 0 0 0 0 708 104 118 69 35 24 30 3 4 21 3 16 9 22 24 -3344.424 0.07672998
8660 3 15 20 17 1 0 0 0 0 0 0 0 755 107 117 28 31 18 29 3 2 19 4 18 10 25 24 -3242.049 0.07670671
8670 3 15 20 17 1 0 0 0 0 0 0 0 647 232 111 22 33 16 25 5 2 19 3 16 9 27 23 -3306.745 0.07669028
8680 3 15 20 17 1 0 0 0 0 0 0 0 546 267 164 29 36 17 26 4 3 16 3 16 10 29 24 -3451.874 0.07670294
8690 3 15 20 17 1 0 0 0 0 0 0 0 504 266 183 56 37 16 28 3 1 23 3 15 10 22 23 -3409.904 0.07670009
8700 3 15 20 17 1 0 0 0 0 0 0 0 554 230 161 38 46 29 29 8 1 18 3 16 10 23 24 -3478.704 0.07668083
8710 3 15 20 17 1 0 0 0 0 0 0 0 534 235 196 33 39 25 29 3 2 15 3 14 10 28 24 -3502.826 0.07666226
8720 3 15 20 17 1 0 0 0 0 0 0 0 483 343 130 39 53 18 26 7 2 20 5 18 9 14 23 -3546.5 0.07666204
8730 3 15 20 17 1 0 0 0 0 0 0 0 454 367 113 51 51 28 16 5 1 19 4 25 9 23 24 -3566.547 0.07666824
8740 3 15 20 17 1 0 0 0 0 0 0 0 471 301 160 62 68 11 23 3 1 19 3 19 10 16 23 -3649.279 0.07665423
8750 3 15 20 17 1 0 0 0 0 0 0 0 414 332 178 50 55 19 27 19 1 22 3 15 10 21 24 -3646.26 0.07667483
8760 3 15 20 17 1 0 0 0 0 0 0 0 448 320 125 86 43 20 38 7 3 20 4 22 9 21 24 -3693.663 0.0766762
8770 3 15 20 17 1 0 0 0 0 0 0 0 419 412 90 72 53 19 31 5 2 16 3 18 10 17 23 -3516.278 0.07667149
8780 3 15 20 17 1 0 0 0 0 0 0 0 340 440 88 106 75 12 29 5 4 19 3 20 11 16 22 -3712.16 0.07667477
8790 3 15 20 17 1 0 0 0 0 0 0 0 320 405 108 141 65 23 29 11 1 17 4 17 10 17 22 -3693.261 0.07666243
8800 3 15 20 17 1 0 0 0 0 0 0 0 331 425 94 106 70 23 30 4 1 23 3 17 10 29 24 -3562.444 0.07666985
8810 3 15 20 17 1 0 0 0 0 0 0 0 326 406 114 138 61 19 28 3 1 20 3 19 10 18 24 -3540.588 0.07667566
8820 3 15 20 17 1 0 0 0 0 0 0 0 296 406 145 119 64 21 32 10 2 18 3 18 10 22 24 -3675.527 0.07667988
8830 3 15 20 17 1 0 0 0 0 0 0 0 319 341 201 103 65 36 25 6 3 20 3 22 10 13 23 -3677.001 0.07669519
8840 3 15 20 17 1 0 0 0 0 0 0 0 329 354 189 83 89 27 17 5 2 17 5 24 9 17 23 -3569.362 0.0767038
8850 3 15 20 17 1 0 0 0 0 0 0 0 313 297 217 131 77 17 30 10 1 21 4 22 9 17 24 -3748.781 0.07670417
8860 3 15 20 17 1 0 0 0 0 0 0 0 303 281 253 93 85 30 43 4 2 20 5 17 9 22 23 -3750.372 0.07670549
8870 3 15 20 17 1 0 0 0 0 0 0 0 334 252 267 71 81 39 45 4 2 18 3 17 10 24 23 -3693.209 0.07672891
8880 3 15 20 17 1 0 0 0 0 0 0 0 363 272 186 70 106 52 32 7 3 23 3 18 10 22 23 -3722.633 0.0767302
8890 3 15 20 17 1 0 0 0 0 0 0 0 399 336 193 50 49 33 26 7 1 23 6 17 9 16 25 -3641.462 0.07677559
8900 3 15 20 17 1 0 0 0 0 0 0 0 403 224 243 86 66 40 25 5 1 18 3 21 10 22 23 -3754.64 0.07678564
8910 3 15 20 17 1 0 0 0 0 0 0 0 376 239 229 108 85 26 29 6 2 17 4 16 10 18 25 -3837.133 0.07677082
8920 3 15 20 17 1 0 0 0 0 0 0 0 425 190 224 107 62 31 35 16 1 20 4 17 10 24 24 -3745.396 0.07674725
8930 3 15 20 17 1 0 0 0 0 0 0 0 483 160 184 149 51 34 34 3 1 19 3 18 11 16 24 -3705.107 0.07673721
8940 3 15 20 17 1 0 0 0 0 0 0 0 519 210 155 84 57 44 31 7 3 16 3 16 9 11 25 -3712.239 0.07673347
8950 3 15 20 17 1 0 0 0 0 0 0 0 520 251 176 57 43 16 26 6 5 20 3 16 10 17 24 -3498.771 0.07671158
8960 3 15 20 17 1 0 0 0 0 0 0 0 504 281 151 47 57 17 25 7 1 19 5 22 10 19 25 -3565.355 0.0766888
8970 3 15 20 17 1 0 0 0 0 0 0 0 555 250 105 79 50 19 30 4 2 19 3 17 10 22 25 -3619.44 0.07673977
8980 3 15 20 17 1 0 0 0 0 0 0 0 525 357 73 52 45 14 18 4 1 16 3 24 10 23 25 -3424.158 0.07675569
8990 3 15 20 17 1 0 0 0 0 0 0 0 577 294 81 61 42 14 19 3 1 19 3 21 10 22 23 -3369.284 0.07674821
9000 3 15 20 17 1 0 0 0 0 0 0 0 688 185 89 46 32 18 21 5 1 18 4 21 9 28 25 -3336.277 0.0767423
9010 3 15 20 17 1 0 0 0 0 0 0 0 657 220 79 46 48 19 23 7 1 16 3 22 10 16 23 -3323.317 0.07676749
9020 3 15 20 17 1 0 0 0 0 0 0 0 644 264 83 27 44 14 14 3 1 18 3 22 10 18 25 -3250.769 0.07675008
9030 3 15 20 17 1 0 0 0 0 0 0 0 661 271 45 34 44 19 19 3 1 19 4 23 9 15 23 -3236.721 0.07672433
9040 3 15 20 17 1 0 0 0 0 0 0 0 648 206 65 41 64 22 27 10 3 23 4 21 11 23 22 -3466.534 0.07672405
9050 3 15 20 17 1 0 0 0 0 0 0 0 577 204 98 96 51 39 18 6 1 21 6 23 8 20 22 -3609.022 0.07671325
9060 3 15 20 17 1 0 0 0 0 0 0 0 448 303 122 94 50 19 21 20 4 23 4 24 9 27 22 -3576.581 0.07672473
9070 3 15 20 17 1 0 0 0 0 0 0 0 384 308 179 104 47 16 32 4 9 21 3 23 11 26 23 -3712.574 0.07672908
9080 3 15 20 17 1 0 0 0 0 0 0 0 443 219 245 73 42 27 27 4 5 22 3 17 10 30 23 -3677.893 0.07673096
9090 3 15 20 17 1 0 0 0 0 0 0 0 423 254 226 70 54 23 27 10 2 23 4 18 9 23 24 -3702.268 0.07678182
9100 3 15 20 17 1 0 0 0 0 0 0 0 473 281 161 88 36 14 30 4 3 18 3 19 10 26 24 -3650.943 0.07681565
9110 3 15 20 17 1 0 0 0 0 0 0 0 482 283 160 68 44 16 35 6 2 19 3 19 10 20 23 -3611.813 0.07681435
9120 3 15 20 17 1 0 0 0 0 0 0 0 544 266 134 30 47 19 35 13 6 21 3 17 10 21 24 -3600.256 0.07680476
9130 3 15 20 17 1 0 0 0 0 0 0 0 644 227 87 31 42 29 22 4 3 21 4 19 9 24 24 -3415.001 0.07680224
9140 3 15 20 17 1 0 0 0 0 0 0 0 626 193 65 75 67 30 21 4 3 19 3 24 10 27 23 -3441.359 0.07682027
9150 3 15 20 17 1 0 0 0 0 0 0 0 523 200 141 110 64 21 31 8 1 18 4 20 9 16 24 -3603.65 0.07683427
9160 3 15 20 17 1 0 0 0 0 0 0 0 580 212 102 99 63 13 21 4 1 17 3 22 10 22 21 -3491.433 0.07683602
9170 3 15 20 17 1 0 0 0 0 0 0 0 580 202 107 89 47 27 28 8 7 20 3 16 10 23 23 -3504.908 0.07684173
9180 3 15 20 17 1 0 0 0 0 0 0 0 577 181 134 76 55 26 23 9 1 20 3 22 10 29 24 -3543.277 0.07686757
9190 3 15 20 17 1 0 0 0 0 0 0 0 585 235 104 46 61 23 21 7 2 19 3 25 10 27 22 -3469.887 0.07696254
9200 3 15 20 17 1 0 0 0 0 0 0 0 574 254 112 38 54 19 26 9 1 24 4 20 11 20 24 -3503.121 0.07700311
9210 3 15 20 17 1 0 0 0 0 0 0 0 608 211 101 76 46 14 24 5 1 23 5 21 9 23 23 -3515.324 0.0769931
9220 3 15 20 17 1 0 0 0 0 0 0 0 633 132 96 106 63 32 31 5 1 21 4 17 10 17 22 -3605.935 0.07696367
9230 3 15 20 17 1 0 0 0 0 0 0 0 673 124 98 77 50 21 36 9 7 20 3 20 10 18 24 -3425.104 0.07693825
9240 3 15 20 17 1 0 0 0 0 0 0 0 687 77 118 88 39 16 42 10 2 28 6 19 10 23 25 -3388.779 0.07690258
9250 3 15 20 17 1 0 0 0 0 0 0 0 606 171 160 39 51 19 36 4 1 15 4 20 10 30 24 -3448.719 0.07689121
9260 3 15 20 17 1 0 0 0 0 0 0 0 576 173 189 45 45 17 36 4 1 18 5 19 8 32 22 -3510.628 0.07690528
9270 3 15 20 17 1 0 0 0 0 0 0 0 583 232 112 42 41 41 31 4 5 21 4 19 11 21 23 -3513.134 0.07690904
9280 3 15 20 17 1 0 0 0 0 0 0 0 659 216 57 45 56 27 28 8 1 19 3 17 10 20 24 -3404.947 0.07691339
9290 3 15 20 17 1 0 0 0 0 0 0 0 611 218 48 78 67 25 28 7 7 20 3 17 10 28 23 -3458.548 0.07691593
9300 3 15 20 17 1 0 0 0 0 0 0 0 624 193 44 86 68 34 24 12 4 19 4 21 11 23 23 -3438.481 0.07691395
9310 3 15 20 17 1 0 0 0 0 0 0 0 538 168 57 82 124 77 41 6 1 18 3 17 10 25 23 -3695.836 0.07691528
9320 3 15 20 17 1 0 0 0 0 0 0 0 510 177 81 140 110 37 26 14 2 15 4 19 9 22 24 -3730.657 0.07690128
9330 3 15 20 17 1 0 0 0 0 0 0 0 578 138 122 98 89 37 26 4 1 18 3 19 10 24 23 -3573.494 0.0768849
9340 3 15 20 17 1 0 0 0 0 0 0 0 538 101 193 129 46 47 24 6 6 19 5 22 10 21 23 -3509.351 0.07690245
9350 3 15 20 17 1 0 0 0 0 0 0 0 490 147 164 110 42 57 43 13 3 24 12 20 10 32 23 -3630.369 0.07690858
9360 3 15 20 17 1 0 0 0 0 0 0 0 518 194 161 78 64 19 33 8 13 17 5 21 10 25 24 -3679.587 0.076915
9370 3 15 20 17 1 0 0 0 0 0 0 0 580 187 163 54 66 15 21 3 4 18 3 18 10 26 22 -3525.965 0.07693545
9380 3 15 20 17 1 0 0 0 0 0 0 0 572 223 115 47 80 16 32 5 3 22 3 17 10 21 24 -3486.818 0.0769248
9390 3 15 20 17 1 0 0 0 0 0 0 0 521 276 103 75 67 19 28 3 1 28 3 18 11 14 23 -3530.825 0.07691835
9400 3 15 20 17 1 0 0 0 0 0 0 0 525 236 160 74 51 16 23 9 2 20 4 21 9 18 22 -3540.917 0.07691489
9410 3 15 20 17 1 0 0 0 0 0 0 0 506 331 108 33 58 26 28 5 3 19 4 20 9 16 24 -3429.795 0.07691383
9420 3 15 20 17 1 0 0 0 0 0 0 0 497 340 87 66 58 16 22 5 2 24 3 20 11 16 23 -3472.589 0.07692198
9430 3 15 20 17 1 0 0 0 0 0 0 0 551 329 75 36 64 17 28 4 1 19 3 18 10 14 21 -3478.15 0.07694497
9440 3 15 20 17 1 0 0 0 0 0 0 0 484 386 111 27 39 15 24 6 1 21 4 16 9 25 22 -3340.559 0.07695633
9450 3 15 20 17 1 0 0 0 0 0 0 0 515 277 166 41 48 14 25 3 1 21 4 18 9 24 24 -3406.84 0.07696293
9460 3 15 20 17 1 0 0 0 0 0 0 0 475 299 158 48 41 33 28 6 3 21 3 19 10 23 23 -3401.563 0.07698136
9470 3 15 20 17 1 0 0 0 0 0 0 0 524 234 117 69 48 46 33 16 3 22 3 17 9 25 24 -3536.919 0.07698911
9480 3 15 20 17 1 0 0 0 0 0 0 0 497 272 198 48 30 16 27 5 2 18 3 14 10 27 23 -3423.75 0.07698767
9490 3 15 20 17 1 0 0 0 0 0 0 0 455 264 181 94 51 19 23 6 1 20 3 19 10 20 24 -3667.589 0.07698595
9500 3 15 20 17 1 0 0 0 0 0 0 0 459 269 207 57 51 29 26 4 2 17 4 17 9 15 24 -3578.782 0.07699513
9510 3 15 20 17 1 0 0 0 0 0 0 0 472 309 132 59 51 38 24 6 4 17 4 18 9 23 24 -3569.418 0.07699871
9520 3 15 20 17 1 0 0 0 0 0 0 0 484 258 124 74 53 46 30 10 5 17 3 20 10 32 24 -3757.511 0.07698903
9530 3 15 20 17 1 0 0 0 0 0 0 0 456 298 161 62 38 37 24 5 2 23 3 21 10 26 24 -3650.556 0.07699495
9540 3 15 20 17 1 0 0 0 0 0 0 0 556 244 93 54 54 38 38 19 4 21 6 17 9 13 24 -3644.436 0.0769853
9550 3 15 20 17 1 0 0 0 0 0 0 0 562 252 105 50 55 23 41 6 2 18 3 18 10 21 24 -3558.628 0.07700911
9560 3 15 20 17 1 0 0 0 0 0 0 0 689 199 66 53 44 17 23 3 2 21 3 19 10 17 24 -3270.271 0.07700298
9570 3 15 20 17 1 0 0 0 0 0 0 0 614 191 68 105 63 18 32 3 4 17 3 17 11 20 24 -3503.888 0.0770194
9580 3 15 20 17 1 0 0 0 0 0 0 0 705 94 90 94 59 14 31 9 1 22 3 19 10 16 23 -3377.161 0.07704865
9590 3 15 20 17 1 0 0 0 0 0 0 0 601 183 123 82 55 16 17 8 1 21 4 23 9 23 24 -3438.392 0.07705593
9600 3 15 20 17 1 0 0 0 0 0 0 0 576 215 107 93 46 16 20 8 1 22 3 23 10 28 22 -3497.3 0.07709646
9610 3 15 20 17 1 0 0 0 0 0 0 0 553 217 117 84 70 18 31 4 1 19 3 22 10 18 23 -3529.1 0.07711826
9620 3 15 20 17 1 0 0 0 0 0 0 0 505 238 132 88 78 22 27 4 1 18 4 22 9 18 24 -3606.649 0.0771138
9630 3 15 20 17 1 0 0 0 0 0 0 0 447 305 152 55 68 22 33 3 3 23 4 21 10 20 24 -3629.994 0.07710789
9640 3 15 20 17 1 0 0 0 0 0 0 0 355 318 184 87 77 34 29 5 1 22 3 16 10 25 24 -3731.323 0.07708835
9650 3 15 20 17 1 0 0 0 0 0 0 0 396 280 147 65 107 49 33 15 4 20 4 18 10 19 23 -3895.966 0.07707929
9660 3 15 20 17 1 0 0 0 0 0 0 0 479 299 100 69 73 34 26 5 1 22 3 20 10 25 24 -3631.012 0.07708069
9670 3 15 20 17 1 0 0 0 0 0 0 0 489 366 79 48 63 19 25 4 1 19 3 18 10 22 24 -3500.844 0.07709512
9680 3 15 20 17 1 0 0 0 0 0 0 0 534 332 72 58 49 17 23 6 2 21 3 18 10 21 24 -3409.749 0.07709592
9690 3 15 20 17 1 0 0 0 0 0 0 0 610 278 63 34 58 13 25 6 1 23 3 18 10 25 23 -3414.111 0.07709412
9700 3 15 20 17 1 0 0 0 0 0 0 0 613 273 54 42 49 16 30 9 6 22 4 19 10 20 23 -3414.412 0.07710358
9710 3 15 20 17 1 0 0 0 0 0 0 0 510 345 88 54 34 19 31 5 2 19 3 17 10 29 24 -3465.313 0.07708966
9720 3 15 20 17 1 0 0 0 0 0 0 0 593 258 100 45 34 25 25 6 1 12 3 19 11 34 24 -3384.935 0.07707058
9730 3 15 20 17 1 0 0 0 0 0 0 0 676 198 86 47 41 15 21 5 2 17 3 22 10 24 23 -3283.892 0.07705413
9740 3 15 20 17 1 0 0 0 0 0 0 0 688 183 80 46 42 28 23 3 1 23 3 19 10 17 24 -3283.201 0.07703225
9750 3 15 20 17 1 0 0 0 0 0 0 0 650 194 60 80 53 21 33 7 1 18 3 19 10 18 23 -3307.366 0.07702593
9760 3 15 20 17 1 0 0 0 0 0 0 0 585 252 75 79 42 29 28 6 1 20 3 18 10 18 24 -3464.438 0.07704028
9770 3 15 20 17 1 0 0 0 0 0 0 0 587 254 64 74 42 30 29 7 1 28 4 19 10 18 23 -3459.022 0.07702192
9780 3 15 20 17 1 0 0 0 0 0 0 0 688 160 91 57 44 22 27 6 1 19 4 17 9 22 23 -3387.131 0.07702222
9790 3 15 20 17 1 0 0 0 0 0 0 0 707 177 95 22 37 19 24 4 1 17 3 21 10 29 24 -3325.898 0.07702051
9800 3 15 20 17 1 0 0 0 0 0 0 0 667 184 93 37 38 29 30 6 4 19 4 22 10 24 23 -3448.336 0.0770331
9810 3 15 20 17 1 0 0 0 0 0 0 0 678 173 92 50 40 33 21 5 4 17 3 22 10 20 22 -3439.937 0.07700711
9820 3 15 20 17 1 0 0 0 0 0 0 0 646 192 127 46 41 16 17 3 2 13 4 26 9 24 24 -3354.843 0.07700543
9830 3 15 20 17 1 0 0 0 0 0 0 0 608 249 86 72 29 15 19 4 1 19 5 24 9 27 23 -3377.645 0.07700602
9840 3 15 20 17 1 0 0 0 0 0 0 0 576 262 108 57 38 21 31 5 1 21 3 16 10 18 23 -3440.345 0.07699637
9850 3 15 20 17 1 0 0 0 0 0 0 0 577 204 162 46 57 14 29 4 1 20 3 18 9 20 26 -3488.002 0.07699896
9860 3 15 20 17 1 0 0 0 0 0 0 0 507 258 178 28 68 19 30 4 1 20 3 17 10 22 25 -3496.138 0.07699843
9870 3 15 20 17 1 0 0 0 0 0 0 0 520 253 137 34 77 33 24 10 2 19 5 20 10 22 24 -3667.846 0.07699307
9880 3 15 20 17 1 0 0 0 0 0 0 0 498 254 154 50 88 20 30 9 1 18 4 15 10 17 22 -3543.141 0.07698148
9890 3 15 20 17 1 0 0 0 0 0 0 0 537 196 181 45 62 28 34 7 6 20 3 16 10 20 25 -3591.719 0.07696255
9900 3 15 20 17 1 0 0 0 0 0 0 0 535 201 143 54 92 29 31 7 1 19 6 19 10 20 23 -3660.593 0.07699148
9910 3 15 20 17 1 0 0 0 0 0 0 0 506 246 127 79 75 21 27 8 5 18 3 17 10 24 24 -3670.404 0.07700368
9920 3 15 20 17 1 0 0 0 0 0 0 0 522 156 164 59 70 67 36 13 3 19 3 17 10 27 24 -3692.423 0.07700483
9930 3 15 20 17 1 0 0 0 0 0 0 0 613 173 114 64 67 26 28 5 2 22 3 17 11 22 23 -3586.422 0.07701445
9940 3 15 20 17 1 0 0 0 0 0 0 0 641 158 131 55 50 21 26 5 1 21 3 19 10 25 24 -3544.489 0.07701898
9950 3 15 20 17 1 0 0 0 0 0 0 0 580 170 147 89 48 20 28 5 2 22 4 15 12 24 24 -3646.322 0.07700604
9960 3 15 20 17 1 0 0 0 0 0 0 0 570 222 137 65 42 26 26 4 3 20 4 17 9 21 24 -3594.341 0.07700803
9970 3 15 20 17 1 0 0 0 0 0 0 0 593 176 165 73 40 19 24 3 1 19 3 20 9 21 24 -3499.19 0.07700805
9980 3 15 20 17 1 0 0 0 0 0 0 0 582 141 154 83 65 38 29 6 3 19 4 17 9 17 23 -3514.846 0.07701509
9990 3 15 20 17 1 0 0 0 0 0 0 0 478 144 216 131 64 31 24 9 1 17 7 17 10 19 22 -3640.792 0.07701427
10000 3 15 20 17 1 0 0 0 0 0 0 0 561 174 145 110 36 21 27 8 5 25 4 17 9 24 24 -3553.756 0.07701569
