-105264.2
-4081.158
-3769.244
-3765.932
-3472.972
-3605.071
-3548.227
-3455.927
-3507.552
-3437.068
-3405.37
-3315.171
-3284.279
-3331.947
-3552.646
-3470.246
-3520.384
-3642.187
-3620.186
-3553.972
-3583.02
-3593.824
-3665.255
-3628.027
-3681.64
-3651.193
-3585.344
-3647.42
-3753.591
-3588.802
-3513.114
-3586.811
-3596.266
-3438.254
-3286.342
-3553.994
-3592.377
-3567.235
-3630.106
-3669.21
-3541.976
-3642.831
-3803.244
-3799.439
-3762.769
-3897.192
-3782.438
-3932.087
-3900.262
-3873.493
-3879.259
-3928.941
-3706.842
-3652.175
-3531.754
-3589.753
-3588.133
-3502.57
-3483.02
-3594.186
-3620.843
-3544.14
-3481.798
-3504.001
-3601.038
-3621.626
-3630.058
-3566.076
-3635.323
-3667.398
-3450.725
-3553.078
-3570.401
-3678.44
-3754.895
-3720.673
-3490.578
-3389.391
-3507.239
-3379.439
-3372.18
-3462.915
-3430.048
-3466.89
-3507.691
-3384.42
-3589.873
-3445.694
-3547.311
-3457.969
-3351.225
-3315.724
-3437.341
-3513.206
-3430.996
-3401.179
-3571.927
-3476.411
-3448.738
-3344.299
-3296.104
-3510.38
-3548.89
-3478.145
-3475.365
-3598.482
-3654.325
-3664.957
-3494.785
-3383.013
-3387.438
-3417.404
-3591.015
-3358.787
-3242.487
-3373.481
-3542.21
-3453.994
-3623.92
-3624.193
-3633.216
-3686.576
-3585.678
-3571.382
-3550.307
-3329.39
-3349.788
-3515.248
-3587.85
-3814.113
-3663.59
-3490.496
-3395.586
-3548.379
-3589.627
-3661.257
-3649.934
-3726.408
-3538.369
-3741.565
-3807.091
-3610.503
-3584.876
-3660.301
-3604.047
-3620.252
-3565.178
-3610.426
-3577.489
-3907.201
-3828.764
-3679.436
-3625
-3625.11
-3484.869
-3535.748
-3414.696
-3318.265
-3399.208
-3344.691
-3526.455
-3552.117
-3324.344
-3418.012
-3614.676
-3668.918
-3715.046
-3722.912
-3693.901
-3582.172
-3705.069
-3662.1
-3661.033
-3641.61
-3572.21
-3477.629
-3348.882
-3415.245
-3543.681
-3709.344
-3548.372
-3571.276
-3626.196
-3583.604
-3584.803
-3607.979
-3648.532
-3625.301
-3522.546
-3732.808
-3670.584
-3607.119
-3550.414
-3638.726
-3643.022
-3663.32
-3542.032
-3510.413
-3647.84
-3739.988
-3577.473
-3549.87
-3626.084
-3579.868
-3560.79
-3629.089
-3632.787
-3614.068
-3724.015
-3763.496
-3622.071
-3544.989
-3667.649
-3638.437
-3709.211
-3542.003
-3649.175
-3635.91
-3606.168
-3511.848
-3590.391
-3613.081
-3531.214
-3732.355
-3660.106
-3597.893
-3633.429
-3758.286
-3595.148
-3465.048
-3676.229
-3695.525
-3696.449
-3753.625
-3748.227
-3688.772
-3591.007
-3463.866
-3464.892
-3477.192
-3459.953
-3621.167
-3656.185
-3534.98
-3676.955
-3685.327
-3632.554
-3811.034
-3825.691
-3793.808
-3773.991
-3720.439
-3739.465
-3733.781
-3652.039
-3671.406
-3476.385
-3313.757
-3453.996
-3430.61
-3268.006
-3331.457
-3371.151
-3473.214
-3552.938
-3454.045
-3533.351
-3527.196
-3455.055
-3346.266
-3413.504
-3420.207
-3343.128
-3384.252
-3288.382
-3235.912
-3328.058
-3397.389
-3298.16
-3401.902
-3444.826
-3544.092
-3640.726
-3510.394
-3470.247
-3486.328
-3591.034
-3527.873
-3597.967
-3458.606
-3413.836
-3446.203
-3441.397
-3497.34
-3456.735
-3491.028
-3485.254
-3390.036
-3276.57
-3362.231
-3531.289
-3587.394
-3538.368
-3520.118
-3567.397
-3563.552
-3677.551
-3675.974
-3558.349
-3173.341
-3258.264
-3149.462
-3390.178
-3300.753
-3395.431
-3520.81
-3619.025
-3603.476
-3587.104
-3581.242
-3762.223
-3608.578
-3607.565
-3549.228
-3506.325
-3618.996
-3526.081
-3645.383
-3542.66
-3492.968
-3644.777
-3735.28
-3742.132
-3673.361
-3574.094
-3434.588
-3508.731
-3422.286
-3409.905
-3498.756
-3453.417
-3580.98
-3442.736
-3509.412
-3355.248
-3332.509
-3388.216
-3426.247
-3468.008
-3559.756
-3598.289
-3427.243
-3508.402
-3369.177
-3585.935
-3638.477
-3671.917
-3506.735
-3422.912
-3434.118
-3293.917
-3264.888
-3395.648
-3480.714
-3377.48
-3353.725
-3423.327
-3637.776
-3657.419
-3675.944
-3812.332
-3716.485
-3666.563
-3646.508
-3588.068
-3611.827
-3535.662
-3392.4
-3457.035
-3355.403
-3469.185
-3538.682
-3337.726
-3194.534
-3235.623
-3278.115
-3197.3
-3476.128
-3308.898
-3393.068
-3315.723
-3424.011
-3455.009
-3364.908
-3450.659
-3452.843
-3473.359
-3458.43
-3438.875
-3385.612
-3511.986
-3580.599
-3732.33
-3736.588
-3728.054
-3786.483
-3733.045
-3563.465
-3660.704
-3625.582
-3571.437
-3646.018
-3732.801
-3704.019
-3480.358
-3585.841
-3506.565
-3560.265
-3526.456
-3488.317
-3513.797
-3507.821
-3574.016
-3693.572
-3583.956
-3573.262
-3589.796
-3550.289
-3422.512
-3459.665
-3420.673
-3569.6
-3567.661
-3183.498
-3273.424
-3379.509
-3348.496
-3322.227
-3342.946
-3423.253
-3501.949
-3356.389
-3401.062
-3420.195
-3468.694
-3527.29
-3489.183
-3408.222
-3444.397
-3519.106
-3487.614
-3378.915
-3265.841
-3449.876
-3377.224
-3366.597
-3271.718
-3460.084
-3440.032
-3390.29
-3482.644
-3423.901
-3579.422
-3591.055
-3574.547
-3534.096
-3635
-3516.147
-3583.477
-3589.645
-3538.276
-3423.114
-3509.54
-3491.3
-3467.788
-3361.362
-3333.05
-3461.461
-3479.825
-3457.509
-3457.427
-3422.524
-3563.247
-3568.488
-3379.533
-3495.951
-3557.883
-3593.35
-3548.888
-3575.244
-3459.896
-3509.76
-3457.781
-3648.3
-3467.792
-3473.608
-3436.22
-3373.165
-3477.647
-3544.083
-3415.954
-3417.348
-3395.145
-3283.517
-3268.264
-3418.224
-3397.861
-3322.541
-3471.755
-3436.634
-3510.815
-3377.595
-3397.803
-3415.314
-3319.42
-3367.924
-3474.95
-3499.51
-3412.874
-3397.061
-3486.622
-3406.508
-3498.787
-3517.265
-3689.528
-3711.769
-3689.572
-3600.749
-3769.465
-3873.227
-3624.042
-3531.843
-3460.378
-3477.956
-3501.47
-3484.15
-3387.625
-3446.231
-3660.303
-3589.28
-3631.515
-3562.32
-3611.224
-3667.685
-3661.065
-3659.432
-3530.095
-3491.833
-3552.484
-3596.922
-3703.222
-3761.092
-3664.05
-3648.562
-3586.134
-3621.233
-3801.716
-3797.508
-3768.982
-3509.261
-3508.288
-3801.566
-3865.892
-3643.262
-3670.744
-3746.259
-3650.947
-3565.277
-3523.545
-3581.583
-3623.623
-3717.404
-3629.613
-3483.717
-3532.388
-3319.264
-3398.186
-3252.366
-3215.468
-3208.985
-3263.5
-3286.149
-3278.612
-3356.454
-3310.531
-3357.619
-3451.653
-3370.285
-3388.634
-3493.921
-3589.611
-3594.043
-3381.003
-3346.957
-3575.54
-3663.436
-3739
-3596.87
-3628.43
-3782.04
-3773.769
-3803.792
-3745.538
-3641.584
-3607.64
-3714.192
-3716.941
-3579.52
-3496.846
-3667.012
-3756.127
-3594.797
-3682.853
-3651.93
-3585.652
-3447.191
-3504.178
-3755.309
-3652.515
-3551.249
-3423.244
-3450.403
-3631.355
-3604.174
-3646.933
-3622.434
-3567.691
-3727.074
-3484.582
-3614.553
-3481.868
-3671.843
-3645.216
-3582.278
-3501.624
-3527.821
-3565.537
-3594.042
-3666.527
-3643.344
-3643.116
-3586.441
-3550.298
-3655.186
-3426.327
-3451.714
-3520.556
-3588.38
-3486.199
-3243.888
-3316.037
-3380.924
-3352.827
-3469.546
-3492.598
-3677.002
-3650.647
-3516.738
-3598.111
-3477.995
-3459.393
-3449.066
-3403.11
-3576.478
-3742.951
-3612.991
-3690.421
-3605.29
-3531.047
-3425.582
-3438.072
-3558.361
-3553.585
-3490.953
-3566.173
-3408.195
-3575.03
-3459.846
-3553.556
-3635.884
-3599.495
-3507.525
-3591.724
-3572.381
-3516.853
-3586.035
-3628.23
-3796.487
-3780.472
-3615.938
-3594.595
-3607.303
-3524.008
-3559.404
-3623.803
-3601.181
-3397.912
-3400.743
-3502.019
-3606.005
-3506.228
-3515.432
-3636.049
-3537.874
-3427.206
-3334.591
-3418.036
-3558.863
-3551.6
-3628.313
-3444.481
-3469.189
-3364.303
-3431.701
-3534.285
-3603.633
-3638.181
-3499.466
-3582.806
-3541.122
-3569.007
-3563.268
-3395.54
-3491.703
-3514.133
-3589.9
-3585.442
-3577.831
-3471.446
-3509.649
-3338.587
-3542.401
-3545.4
-3571.63
-3446.063
-3460.282
-3498.593
-3551.851
-3606.733
-3363.346
-3452.286
-3460.551
-3485.896
-3476.311
-3336.451
-3382.136
-3464.281
-3377.112
-3539.137
-3477.534
-3372.051
-3600.187
-3688.87
-3603.282
-3678.896
-3662.864
-3532.442
-3425.992
-3189.868
-3332.379
-3329.753
-3215.075
-3411.3
-3450.525
-3329.764
-3322.979
-3429.384
-3434.585
-3564.18
-3477.541
-3381.72
-3346.5
-3361.245
-3386.271
-3407.168
-3371.438
-3357.673
-3413.908
-3423.676
-3496.685
-3405.704
-3625.414
-3751.813
-3594.653
-3515.588
-3553.488
-3618.897
-3533.502
-3456.807
-3500.747
-3476.092
-3577.477
-3589.854
-3576.739
-3372.09
-3265.038
-3336.801
-3424.396
-3481.156
-3473.995
-3479.28
-3307.876
-3390.915
-3642.833
-3672.305
-3486.029
-3652.599
-3582.649
-3755.961
-3558.635
-3501.301
-3551.866
-3479.847
-3285.855
-3423.79
-3703.072
-3504.343
-3426.521
-3428.627
-3430.154
-3474.845
-3475.322
-3510.829
-3403.68
-3474.752
-3417.916
-3349.804
-3332.075
-3422.454
-3505.489
-3501.943
-3496.062
-3293.078
-3322.312
-3315.622
-3363.934
-3376.618
-3310.746
-3365.471
-3321.158
-3346.147
-3348.67
-3368.143
-3253.873
-3186.555
-3336.921
-3249.769
-3379.485
-3410.718
-3507.013
-3390.071
-3452.222
-3470.425
-3369.137
-3279.827
-3128.223
-3063.65
-3184.056
-3271.178
-3476.876
-3539.894
-3510.856
-3442.769
-3485.052
-3566.138
-3344.424
-3242.049
-3306.745
-3451.874
-3409.904
-3478.704
-3502.826
-3546.5
-3566.547
-3649.279
-3646.26
-3693.663
-3516.278
-3712.16
-3693.261
-3562.444
-3540.588
-3675.527
-3677.001
-3569.362
-3748.781
-3750.372
-3693.209
-3722.633
-3641.462
-3754.64
-3837.133
-3745.396
-3705.107
-3712.239
-3498.771
-3565.355
-3619.44
-3424.158
-3369.284
-3336.277
-3323.317
-3250.769
-3236.721
-3466.534
-3609.022
-3576.581
-3712.574
-3677.893
-3702.268
-3650.943
-3611.813
-3600.256
-3415.001
-3441.359
-3603.65
-3491.433
-3504.908
-3543.277
-3469.887
-3503.121
-3515.324
-3605.935
-3425.104
-3388.779
-3448.719
-3510.628
-3513.134
-3404.947
-3458.548
-3438.481
-3695.836
-3730.657
-3573.494
-3509.351
-3630.369
-3679.587
-3525.965
-3486.818
-3530.825
-3540.917
-3429.795
-3472.589
-3478.15
-3340.559
-3406.84
-3401.563
-3536.919
-3423.75
-3667.589
-3578.782
-3569.418
-3757.511
-3650.556
-3644.436
-3558.628
-3270.271
-3503.888
-3377.161
-3438.392
-3497.3
-3529.1
-3606.649
-3629.994
-3731.323
-3895.966
-3631.012
-3500.844
-3409.749
-3414.111
-3414.412
-3465.313
-3384.935
-3283.892
-3283.201
-3307.366
-3464.438
-3459.022
-3387.131
-3325.898
-3448.336
-3439.937
-3354.843
-3377.645
-3440.345
-3488.002
-3496.138
-3667.846
-3543.141
-3591.719
-3660.593
-3670.404
-3692.423
-3586.422
-3544.489
-3646.322
-3594.341
-3499.19
-3514.846
-3640.792
-3553.756
